2.0,5.0,1.0,0.0,3.0,2.0,1.0,24.0,28.42,17.68,8889.32,0.17,98.0,0.06,493.85,502.67,42.0,56.0,19.0,16.0,27.0,0
14.0,13.0,0.0,0.0,12.0,2.0,1.0,70.0,42.98,18.38,14512.58,0.26,136.0,0.05,806.25,789.8,49.0,87.0,32.0,24.0,86.0,1
4.0,1.0,0.0,1.0,1.0,1.0,1.0,10.0,33.53,9.75,3187.28,0.11,68.0,0.1,177.07,326.9,26.0,42.0,16.0,12.0,17.0,0
58.0,133.0,0.0,34.0,68.0,12.0,17.0,371.0,37.09,214.5,1706686.76,2.65,1347.0,0.0,94815.93,7956.58,561.0,786.0,34.0,26.0,465.0,1
18.0,17.0,0.0,26.0,9.0,4.0,1.0,62.0,35.0,25.5,22758.63,0.3,174.0,0.04,1264.37,892.5,68.0,106.0,20.0,15.0,108.0,0
17.0,25.0,5.0,4.0,16.0,10.0,4.0,89.0,46.52,47.69,105792.65,0.74,348.0,0.02,5877.37,2218.51,152.0,196.0,51.0,32.0,120.0,1
6.0,5.0,0.0,0.0,3.0,3.0,1.0,17.0,24.29,9.75,2309.16,0.08,51.0,0.1,128.28,236.84,18.0,33.0,12.0,13.0,25.0,0
4.0,13.0,0.0,2.0,7.0,5.0,1.0,33.0,42.38,18.79,14958.55,0.27,139.0,0.05,831.03,796.18,62.0,77.0,33.0,20.0,41.0,1
1.0,1.0,0.0,2.0,1.0,1.0,1.0,3.0,13.79,1.5,31.02,0.01,8.0,0.67,1.72,20.68,3.0,5.0,3.0,3.0,8.0,0
23.0,84.0,11.0,7.0,47.0,26.0,13.0,267.0,144.54,54.2,424664.6,2.61,1036.0,0.02,23592.48,7834.48,477.0,559.0,154.0,35.0,308.0,1
1.0,7.0,0.0,0.0,4.0,4.0,4.0,7.0,21.46,8.8,1662.05,0.06,43.0,0.11,92.34,188.87,16.0,27.0,10.0,11.0,10.0,0
8.0,13.0,0.0,1.0,7.0,2.0,1.0,36.0,29.13,36.42,38635.41,0.35,191.0,0.03,2146.41,1060.93,76.0,115.0,24.0,23.0,47.0,1
30.0,23.0,2.0,19.0,12.0,4.0,6.0,47.0,28.22,35.42,35409.67,0.33,179.0,0.03,1967.2,999.71,77.0,102.0,25.0,23.0,103.0,0
2.0,15.0,0.0,6.0,8.0,5.0,7.0,16.0,27.2,13.24,4764.71,0.12,72.0,0.08,264.71,360.0,30.0,42.0,17.0,15.0,24.0,1
3.0,13.0,0.0,0.0,7.0,3.0,7.0,35.0,23.2,27.6,17672.26,0.21,118.0,0.04,981.79,640.3,48.0,70.0,20.0,23.0,40.0,0
4.0,25.0,8.0,0.0,13.0,5.0,4.0,59.0,41.63,29.86,37113.97,0.41,217.0,0.03,2061.88,1242.96,91.0,126.0,32.0,21.0,75.0,1
1.0,3.0,0.0,0.0,2.0,2.0,1.0,3.0,10.99,6.4,449.97,0.02,19.0,0.16,25.0,70.31,8.0,11.0,5.0,8.0,6.0,0
2.0,3.0,0.0,0.0,2.0,2.0,1.0,15.0,49.11,4.93,1192.85,0.08,56.0,0.2,66.27,242.03,23.0,33.0,14.0,6.0,19.0,1
3.0,23.0,0.0,0.0,12.0,1.0,1.0,24.0,13.23,33.0,14404.99,0.15,101.0,0.03,800.28,436.51,44.0,57.0,8.0,12.0,29.0,0
19.0,35.0,9.0,16.0,18.0,18.0,13.0,69.0,60.79,29.5,52898.93,0.6,300.0,0.03,2938.83,1793.18,118.0,182.0,42.0,21.0,115.0,1
4.0,1.0,0.0,1.0,1.0,1.0,1.0,16.0,25.27,12.83,4162.24,0.11,69.0,0.08,231.24,324.33,22.0,47.0,12.0,14.0,24.0,0
13.0,14.0,0.0,0.0,9.0,6.0,1.0,40.0,38.42,16.81,10852.59,0.22,115.0,0.06,602.92,645.69,38.0,77.0,26.0,23.0,55.0,1
2.0,5.0,0.0,3.0,3.0,3.0,1.0,10.0,18.86,11.0,2281.98,0.07,48.0,0.09,126.78,207.45,18.0,30.0,9.0,11.0,17.0,0
28.0,6.0,11.0,13.0,4.0,4.0,1.0,21.0,28.78,14.61,6141.15,0.14,77.0,0.07,341.17,420.38,32.0,45.0,23.0,21.0,76.0,1
1.0,3.0,0.0,3.0,2.0,1.0,1.0,10.0,17.72,3.0,159.45,0.02,16.0,0.33,8.86,53.15,6.0,10.0,5.0,5.0,16.0,0
5.0,13.0,0.0,0.0,7.0,6.0,1.0,38.0,23.58,24.67,14348.35,0.19,121.0,0.04,797.13,581.69,37.0,84.0,12.0,16.0,45.0,1
3.0,7.0,0.0,0.0,4.0,2.0,1.0,9.0,15.54,13.2,2707.77,0.07,46.0,0.08,150.43,205.13,22.0,24.0,10.0,12.0,14.0,0
7.0,9.0,0.0,0.0,5.0,5.0,1.0,32.0,30.81,20.63,13113.3,0.21,126.0,0.05,728.52,635.59,56.0,70.0,19.0,14.0,41.0,1
33.0,32.0,0.0,0.0,23.0,19.0,1.0,102.0,60.99,33.1,66834.75,0.67,311.0,0.03,3713.04,2018.97,120.0,191.0,58.0,32.0,137.0,0
3.0,1.0,0.0,0.0,1.0,1.0,1.0,9.0,14.78,11.0,1788.9,0.05,39.0,0.09,99.38,162.63,14.0,25.0,7.0,11.0,14.0,1
3.0,5.0,0.0,0.0,3.0,2.0,1.0,11.0,14.89,7.0,729.74,0.03,25.0,0.14,40.54,104.25,7.0,18.0,6.0,12.0,16.0,0
7.0,27.0,9.0,0.0,14.0,10.0,7.0,59.0,42.97,30.52,40008.45,0.44,230.0,0.03,2222.69,1311.1,106.0,124.0,33.0,19.0,77.0,1
5.0,7.0,0.0,8.0,4.0,4.0,1.0,21.0,20.33,14.42,4229.55,0.1,61.0,0.07,234.97,293.25,25.0,36.0,13.0,15.0,36.0,0
21.0,113.0,0.0,30.0,57.0,40.0,47.0,122.0,132.52,30.46,122973.42,1.35,605.0,0.03,6831.86,4036.82,235.0,370.0,81.0,21.0,175.0,1
30.0,43.0,0.0,1.0,22.0,22.0,1.0,173.0,80.11,48.77,190569.02,1.3,608.0,0.02,10587.17,3907.17,252.0,356.0,62.0,24.0,206.0,0
1.0,5.0,0.0,1.0,3.0,1.0,1.0,13.0,14.73,7.43,812.63,0.04,28.0,0.13,45.15,109.39,13.0,15.0,7.0,8.0,17.0,1
4.0,3.0,0.0,1.0,2.0,2.0,1.0,10.0,30.8,10.29,3263.94,0.11,64.0,0.1,181.33,317.07,25.0,39.0,17.0,14.0,17.0,0
5.0,7.0,0.0,0.0,4.0,4.0,3.0,32.0,47.68,19.75,18597.05,0.31,166.0,0.05,1033.17,941.62,79.0,87.0,34.0,17.0,37.0,1
0.0,3.0,0.0,0.0,2.0,2.0,1.0,9.0,15.23,6.0,548.26,0.03,24.0,0.17,30.46,91.38,9.0,15.0,6.0,8.0,11.0,0
2.0,5.0,0.0,0.0,3.0,1.0,1.0,22.0,29.26,14.61,6241.51,0.14,84.0,0.07,346.75,427.35,37.0,47.0,19.0,15.0,26.0,1
8.0,9.0,0.0,9.0,5.0,1.0,1.0,50.0,32.18,44.18,62806.83,0.47,269.0,0.02,3489.27,1421.77,93.0,176.0,20.0,19.0,72.0,0
0.0,1.0,0.0,0.0,1.0,1.0,1.0,2.0,7.74,1.5,17.41,0.0,5.0,0.67,0.97,11.61,2.0,3.0,2.0,3.0,4.0,1
8.0,7.0,0.0,0.0,4.0,2.0,4.0,21.0,26.5,19.8,10387.42,0.17,104.0,0.05,577.08,524.62,33.0,71.0,15.0,18.0,31.0,0
4.0,3.0,0.0,0.0,2.0,2.0,1.0,14.0,44.64,9.65,4158.72,0.14,84.0,0.1,231.04,430.86,37.0,47.0,23.0,12.0,20.0,1
3.0,7.0,0.0,0.0,4.0,2.0,4.0,15.0,14.54,15.56,3518.33,0.08,50.0,0.06,195.46,226.18,20.0,30.0,9.0,14.0,20.0,0
8.0,15.0,0.0,13.0,8.0,7.0,1.0,27.0,24.59,23.16,13184.02,0.19,111.0,0.04,732.45,569.35,39.0,72.0,16.0,19.0,50.0,1
1.0,5.0,0.0,0.0,3.0,2.0,3.0,6.0,13.38,6.42,550.79,0.03,21.0,0.16,30.6,85.84,7.0,14.0,6.0,11.0,9.0,0
5.0,15.0,4.0,1.0,10.0,3.0,1.0,83.0,38.8,34.8,46993.5,0.45,213.0,0.03,2610.75,1350.39,87.0,126.0,45.0,36.0,96.0,1
9.0,17.0,0.0,10.0,9.0,7.0,8.0,57.0,55.62,23.07,29608.49,0.43,223.0,0.04,1644.92,1283.34,85.0,138.0,35.0,19.0,78.0,0
3.0,3.0,0.0,0.0,2.0,2.0,1.0,12.0,19.66,7.78,1189.42,0.05,36.0,0.13,66.08,152.93,14.0,22.0,9.0,10.0,17.0,1
4.0,7.0,0.0,6.0,4.0,2.0,3.0,12.0,35.08,12.52,5501.48,0.15,82.0,0.08,305.64,439.32,29.0,53.0,22.0,19.0,24.0,0
30.0,55.0,5.0,23.0,28.0,14.0,15.0,134.0,86.2,39.9,137251.55,1.15,520.0,0.03,7625.09,3439.65,221.0,299.0,72.0,26.0,194.0,1
8.0,5.0,0.0,0.0,3.0,3.0,3.0,25.0,32.72,15.39,7753.7,0.17,99.0,0.06,430.76,503.66,39.0,60.0,19.0,15.0,35.0,0
20.0,49.0,0.0,3.0,25.0,9.0,11.0,105.0,56.84,49.5,139267.55,0.94,456.0,0.02,7737.09,2813.49,198.0,258.0,48.0,24.0,130.0,1
1.0,5.0,0.0,0.0,3.0,2.0,3.0,8.0,10.99,6.4,449.97,0.02,19.0,0.16,25.0,70.31,8.0,11.0,5.0,8.0,11.0,0
2.0,5.0,0.0,0.0,3.0,2.0,3.0,10.0,23.04,11.5,3047.18,0.09,54.0,0.09,169.29,264.97,23.0,31.0,15.0,15.0,14.0,1
1.0,9.0,0.0,0.0,5.0,2.0,4.0,12.0,9.23,14.3,1887.6,0.04,33.0,0.07,104.87,132.0,13.0,20.0,5.0,11.0,15.0,0
1.0,1.0,0.0,0.0,1.0,1.0,1.0,3.0,12.68,2.5,79.25,0.01,10.0,0.4,4.4,31.7,4.0,6.0,4.0,5.0,6.0,1
1.0,5.0,0.0,0.0,3.0,2.0,1.0,9.0,18.99,10.77,2201.88,0.07,43.0,0.09,122.33,204.46,20.0,23.0,13.0,14.0,12.0,0
0.0,5.0,0.0,0.0,3.0,3.0,1.0,12.0,14.5,8.67,1088.9,0.04,33.0,0.12,60.49,125.64,13.0,20.0,6.0,8.0,14.0,1
2.0,1.0,0.0,0.0,1.0,1.0,1.0,31.0,62.09,13.79,11804.52,0.29,155.0,0.07,655.81,856.15,70.0,85.0,33.0,13.0,35.0,0
5.0,9.0,0.0,3.0,5.0,4.0,1.0,25.0,27.07,12.69,4357.93,0.11,70.0,0.08,242.11,343.48,29.0,41.0,16.0,14.0,35.0,1
2.0,1.0,0.0,0.0,1.0,1.0,1.0,2.0,6.55,3.0,58.95,0.01,7.0,0.33,3.28,19.65,1.0,6.0,1.0,6.0,6.0,0
3.0,31.0,2.0,0.0,16.0,1.0,1.0,65.0,132.89,5.73,4359.02,0.25,144.0,0.17,242.17,761.1,63.0,81.0,33.0,6.0,72.0,1
0.0,1.0,0.0,0.0,1.0,1.0,1.0,4.0,34.82,2.44,208.05,0.03,23.0,0.41,11.56,85.11,11.0,12.0,9.0,4.0,6.0,0
6.0,47.0,0.0,18.0,24.0,20.0,23.0,59.0,48.07,30.65,45141.75,0.49,261.0,0.03,2507.87,1473.05,100.0,161.0,31.0,19.0,85.0,1
7.0,31.0,0.0,26.0,16.0,3.0,7.0,62.0,23.77,51.75,63661.56,0.41,224.0,0.02,3536.75,1230.18,99.0,125.0,22.0,23.0,97.0,0
7.0,7.0,0.0,0.0,4.0,3.0,3.0,21.0,35.2,20.57,14895.77,0.24,137.0,0.05,827.54,724.1,48.0,89.0,21.0,18.0,30.0,1
2.0,17.0,1.0,8.0,9.0,2.0,8.0,14.0,24.56,22.45,12380.3,0.18,101.0,0.04,687.79,551.4,41.0,60.0,21.0,23.0,25.0,0
3.0,13.0,0.0,5.0,7.0,4.0,3.0,31.0,41.12,12.0,5921.81,0.16,97.0,0.08,328.99,493.48,44.0,53.0,22.0,12.0,43.0,1
11.0,16.0,1.0,13.0,11.0,4.0,1.0,58.0,49.25,17.86,15709.76,0.29,145.0,0.06,872.76,879.58,64.0,81.0,43.0,24.0,83.0,0
13.0,52.0,0.0,0.0,31.0,2.0,1.0,92.0,42.71,38.71,64005.25,0.55,286.0,0.03,3555.85,1653.47,100.0,186.0,31.0,24.0,107.0,1
2.0,1.0,0.0,0.0,1.0,1.0,1.0,7.0,22.94,6.67,1019.5,0.05,36.0,0.15,56.64,152.93,12.0,24.0,9.0,10.0,12.0,0
3.0,3.0,0.0,0.0,2.0,1.0,1.0,7.0,11.23,5.6,352.28,0.02,17.0,0.18,19.57,62.91,7.0,10.0,5.0,8.0,12.0,1
3.0,1.0,0.0,0.0,1.0,1.0,1.0,9.0,38.75,4.38,745.02,0.06,40.0,0.23,41.39,169.92,19.0,21.0,13.0,6.0,14.0,0
3.0,7.0,0.0,1.0,4.0,1.0,1.0,12.0,25.77,8.25,1754.01,0.07,47.0,0.12,97.45,212.61,18.0,29.0,12.0,11.0,18.0,1
0.0,1.0,0.0,4.0,1.0,1.0,1.0,3.0,10.8,3.33,120.0,0.01,12.0,0.3,6.67,36.0,4.0,8.0,3.0,5.0,11.0,0
2.0,7.0,0.0,0.0,4.0,3.0,1.0,29.0,45.31,10.71,5201.91,0.16,98.0,0.09,288.99,485.51,45.0,53.0,21.0,10.0,33.0,1
0.0,1.0,0.0,0.0,1.0,1.0,1.0,3.0,11.23,2.0,44.92,0.01,8.0,0.5,2.5,22.46,3.0,5.0,3.0,4.0,5.0,0
4.0,3.0,0.0,2.0,2.0,1.0,1.0,41.0,23.1,51.88,62158.27,0.4,252.0,0.02,3453.24,1198.23,83.0,169.0,12.0,15.0,49.0,1
7.0,7.0,1.0,4.0,4.0,2.0,3.0,27.0,29.64,15.79,7390.21,0.16,92.0,0.06,410.57,468.05,40.0,52.0,19.0,15.0,41.0,0
25.0,27.0,0.0,12.0,15.0,14.0,1.0,100.0,56.53,33.27,62586.87,0.63,309.0,0.03,3477.05,1881.03,122.0,187.0,44.0,24.0,139.0,1
2.0,9.0,0.0,2.0,5.0,5.0,1.0,12.0,61.31,10.19,6360.68,0.21,119.0,0.1,353.37,624.5,50.0,69.0,27.0,11.0,18.0,0
4.0,3.0,0.0,1.0,2.0,1.0,1.0,20.0,32.77,8.75,2508.86,0.1,61.0,0.11,139.38,286.73,28.0,33.0,16.0,10.0,27.0,1
3.0,3.0,0.0,0.0,2.0,1.0,1.0,9.0,20.01,12.6,3177.38,0.08,55.0,0.08,176.52,252.17,18.0,37.0,10.0,14.0,14.0,0
1.0,1.0,0.0,0.0,1.0,1.0,1.0,2.0,8.0,3.0,72.0,0.01,8.0,0.33,4.0,24.0,2.0,6.0,2.0,6.0,5.0,1
4.0,3.0,0.0,0.0,2.0,2.0,1.0,11.0,19.45,8.0,1244.72,0.05,36.0,0.13,69.15,155.59,16.0,20.0,10.0,10.0,17.0,0
7.0,19.0,0.0,4.0,10.0,4.0,6.0,52.0,26.01,35.05,31955.88,0.3,175.0,0.03,1775.33,911.65,74.0,101.0,19.0,18.0,65.0,1
0.0,1.0,0.0,0.0,1.0,1.0,1.0,2.0,5.33,1.5,12.0,0.0,4.0,0.67,0.67,8.0,1.0,3.0,1.0,3.0,5.0,0
23.0,137.0,0.0,0.0,69.0,62.0,14.0,325.0,286.74,33.19,315858.32,3.17,1251.0,0.03,17547.68,9516.77,550.0,701.0,174.0,21.0,350.0,1
11.0,14.0,0.0,1.0,12.0,12.0,1.0,61.0,44.06,45.09,89588.86,0.66,335.0,0.02,4977.16,1986.8,149.0,186.0,38.0,23.0,75.0,0
11.0,9.0,0.0,13.0,5.0,2.0,4.0,28.0,39.83,20.15,16169.62,0.27,147.0,0.05,898.31,802.54,64.0,83.0,27.0,17.0,54.0,1
4.0,9.0,1.0,17.0,5.0,4.0,4.0,27.0,39.57,12.6,6282.0,0.17,98.0,0.08,349.0,498.57,36.0,62.0,20.0,14.0,51.0,0
0.0,1.0,0.0,0.0,1.0,1.0,1.0,2.0,7.86,2.5,49.13,0.01,7.0,0.4,2.73,19.65,2.0,5.0,2.0,5.0,4.0,1
0.0,3.0,0.0,0.0,2.0,2.0,1.0,8.0,17.9,10.5,1973.83,0.06,41.0,0.1,109.66,187.98,15.0,26.0,10.0,14.0,11.0,0
0.0,3.0,1.0,1.0,2.0,2.0,1.0,6.0,16.37,6.87,774.04,0.04,27.0,0.15,43.0,112.59,11.0,16.0,8.0,10.0,10.0,1
2.0,3.0,0.0,0.0,2.0,2.0,1.0,16.0,39.02,8.53,2838.95,0.11,70.0,0.12,157.72,332.84,29.0,41.0,17.0,10.0,20.0,0
18.0,19.0,0.0,3.0,10.0,6.0,1.0,69.0,67.82,27.56,51520.06,0.62,306.0,0.04,2862.23,1869.21,126.0,180.0,48.0,21.0,92.0,1
8.0,55.0,0.0,7.0,28.0,19.0,20.0,125.0,79.03,48.45,185548.49,1.28,587.0,0.02,10308.25,3829.33,246.0,341.0,66.0,26.0,142.0,0
4.0,13.0,0.0,12.0,7.0,5.0,4.0,33.0,24.48,20.04,9826.83,0.16,99.0,0.05,545.93,490.47,33.0,66.0,14.0,17.0,51.0,1
1.0,1.0,0.0,2.0,1.0,1.0,1.0,6.0,25.84,4.13,439.75,0.04,28.0,0.24,24.43,106.61,11.0,17.0,8.0,6.0,13.0,0
26.0,39.0,3.0,22.0,20.0,16.0,12.0,98.0,60.05,55.4,184330.69,1.11,541.0,0.02,10240.59,3327.01,217.0,324.0,47.0,24.0,151.0,1
0.0,3.0,0.0,0.0,2.0,2.0,1.0,12.0,19.93,5.57,618.5,0.04,30.0,0.18,34.36,111.01,13.0,17.0,7.0,6.0,14.0,0
11.0,17.0,4.0,8.0,9.0,3.0,1.0,56.0,42.33,33.39,47209.31,0.47,248.0,0.03,2622.74,1413.71,116.0,132.0,33.0,19.0,88.0,1
2.0,25.0,0.0,23.0,1.0,1.0,1.0,37.0,32.8,26.53,23077.33,0.29,167.0,0.04,1282.07,869.98,56.0,111.0,19.0,18.0,64.0,0
5.0,7.0,0.0,3.0,4.0,3.0,4.0,23.0,23.93,14.0,4690.0,0.11,67.0,0.07,260.56,335.0,28.0,39.0,16.0,16.0,33.0,1
1.0,3.0,1.0,1.0,2.0,2.0,1.0,9.0,21.33,4.5,432.0,0.03,24.0,0.22,24.0,96.0,9.0,15.0,8.0,8.0,15.0,0
3.0,45.0,0.0,12.0,23.0,18.0,18.0,77.0,58.46,20.9,25543.94,0.41,220.0,0.05,1419.11,1222.01,81.0,139.0,31.0,16.0,94.0,1
11.0,15.0,0.0,0.0,8.0,8.0,1.0,53.0,59.83,30.57,55903.67,0.61,335.0,0.03,3105.76,1828.91,131.0,204.0,30.0,14.0,66.0,0
1.0,5.0,0.0,0.0,3.0,3.0,1.0,4.0,26.64,7.2,1381.08,0.06,46.0,0.14,76.73,191.82,18.0,28.0,10.0,8.0,7.0,1
4.0,9.0,0.0,4.0,5.0,4.0,1.0,19.0,20.01,15.6,4869.7,0.1,70.0,0.06,270.54,312.16,26.0,44.0,10.0,12.0,29.0,0
18.0,7.0,0.0,11.0,4.0,3.0,1.0,74.0,126.75,15.32,29754.91,0.65,303.0,0.07,1653.05,1942.05,143.0,160.0,70.0,15.0,105.0,1
6.0,5.0,0.0,1.0,3.0,1.0,3.0,15.0,19.88,16.62,5488.77,0.11,68.0,0.06,304.93,330.34,27.0,41.0,13.0,16.0,25.0,0
13.0,7.0,0.0,0.0,4.0,3.0,4.0,32.0,44.65,14.4,9257.85,0.21,120.0,0.07,514.32,642.91,45.0,75.0,25.0,16.0,47.0,1
3.0,1.0,0.0,0.0,1.0,1.0,1.0,4.0,6.15,9.0,498.16,0.02,16.0,0.11,27.68,55.35,4.0,12.0,2.0,9.0,10.0,0
8.0,17.0,0.0,0.0,9.0,4.0,8.0,40.0,18.91,41.65,32799.55,0.26,147.0,0.02,1822.2,787.56,59.0,88.0,17.0,24.0,48.0,1
2.0,7.0,0.0,0.0,4.0,1.0,3.0,11.0,9.91,19.43,3741.33,0.06,42.0,0.05,207.85,192.57,16.0,26.0,7.0,17.0,15.0,0
84.0,35.0,0.0,32.0,18.0,9.0,12.0,111.0,70.3,40.8,117023.39,0.96,455.0,0.02,6501.3,2868.22,187.0,268.0,55.0,24.0,229.0,1
2.0,7.0,0.0,0.0,4.0,1.0,4.0,11.0,12.22,9.17,1026.67,0.04,28.0,0.11,57.04,112.0,11.0,17.0,6.0,10.0,15.0,0
25.0,3.0,0.0,1.0,2.0,1.0,1.0,87.0,132.74,28.22,105742.77,1.25,580.0,0.04,5874.6,3746.47,205.0,375.0,69.0,19.0,115.0,1
2.0,3.0,0.0,0.0,2.0,2.0,1.0,10.0,23.44,7.33,1260.57,0.06,38.0,0.14,70.03,171.9,16.0,22.0,12.0,11.0,14.0,0
16.0,69.0,0.0,1.0,35.0,16.0,26.0,164.0,77.45,42.56,140300.03,1.1,526.0,0.02,7794.45,3296.33,227.0,299.0,56.0,21.0,187.0,1
6.0,5.0,0.0,1.0,3.0,3.0,1.0,17.0,14.61,24.73,8935.73,0.12,76.0,0.04,496.43,361.37,34.0,42.0,11.0,16.0,28.0,0
21.0,3.0,0.0,9.0,2.0,2.0,1.0,29.0,168.31,4.07,2790.02,0.23,118.0,0.25,155.0,685.27,57.0,61.0,49.0,7.0,61.0,1
1.0,5.0,0.0,0.0,3.0,3.0,1.0,29.0,17.67,39.38,27392.06,0.23,156.0,0.03,1521.78,695.67,45.0,111.0,8.0,14.0,32.0,0
2.0,5.0,0.0,4.0,3.0,2.0,3.0,14.0,24.12,13.5,4395.57,0.11,64.0,0.07,244.2,325.6,24.0,40.0,16.0,18.0,22.0,1
3.0,7.0,0.0,0.0,4.0,2.0,1.0,15.0,19.2,6.86,902.99,0.04,31.0,0.15,50.17,131.69,8.0,23.0,7.0,12.0,20.0,0
2.0,7.0,0.0,0.0,4.0,1.0,1.0,8.0,22.92,8.0,1467.19,0.06,40.0,0.13,81.51,183.4,16.0,24.0,12.0,12.0,12.0,1
0.0,5.0,0.0,0.0,3.0,3.0,1.0,16.0,22.11,13.2,3853.01,0.1,70.0,0.08,214.06,291.89,33.0,37.0,10.0,8.0,18.0,0
4.0,5.0,0.0,0.0,3.0,2.0,3.0,11.0,23.96,7.7,1420.48,0.06,42.0,0.13,78.92,184.48,14.0,28.0,10.0,11.0,17.0,1
4.0,5.0,0.0,3.0,3.0,2.0,3.0,19.0,57.81,7.92,3626.34,0.15,90.0,0.13,201.46,457.87,44.0,46.0,25.0,9.0,30.0,0
12.0,35.0,0.0,1.0,18.0,2.0,3.0,95.0,35.48,48.84,84641.27,0.58,312.0,0.02,4702.29,1733.03,111.0,201.0,25.0,22.0,112.0,1
5.0,5.0,0.0,9.0,3.0,2.0,1.0,20.0,24.87,17.94,8007.67,0.15,87.0,0.06,444.87,446.25,38.0,49.0,18.0,17.0,36.0,0
6.0,19.0,1.0,1.0,10.0,6.0,10.0,34.0,59.38,11.79,8248.09,0.23,124.0,0.08,458.23,699.84,55.0,69.0,35.0,15.0,44.0,1
2.0,19.0,0.0,0.0,18.0,18.0,1.0,62.0,56.28,21.6,26256.88,0.41,199.0,0.05,1458.72,1215.6,81.0,118.0,45.0,24.0,67.0,0
51.0,9.0,4.0,23.0,6.0,6.0,1.0,52.0,52.24,18.59,18060.94,0.32,173.0,0.05,1003.39,971.34,70.0,103.0,32.0,17.0,132.0,1
0.0,1.0,0.0,0.0,1.0,1.0,1.0,0.0,0.0,0.0,0.0,0.0,0.0,0.0,0.0,0.0,0.0,0.0,0.0,0.0,25.0,0
10.0,17.0,0.0,0.0,10.0,9.0,1.0,80.0,69.36,27.65,53022.96,0.64,326.0,0.04,2945.72,1917.74,93.0,233.0,37.0,22.0,95.0,1
38.0,9.0,0.0,61.0,5.0,5.0,1.0,134.0,195.27,28.11,154319.96,1.83,799.0,0.04,8573.33,5489.42,290.0,509.0,98.0,19.0,238.0,0
6.0,11.0,0.0,10.0,6.0,6.0,1.0,31.0,30.14,14.0,5907.9,0.14,86.0,0.07,328.22,421.99,42.0,44.0,18.0,12.0,47.0,1
8.0,4.0,0.0,0.0,3.0,3.0,1.0,26.0,43.45,15.83,10882.77,0.23,132.0,0.06,604.6,687.65,52.0,80.0,23.0,14.0,36.0,0
2.0,25.0,0.0,0.0,13.0,4.0,1.0,30.0,26.52,24.88,16419.41,0.22,124.0,0.04,912.19,659.92,55.0,69.0,21.0,19.0,37.0,1
1.0,9.0,0.0,0.0,5.0,5.0,1.0,21.0,19.04,23.68,10675.05,0.15,91.0,0.04,593.06,450.83,39.0,52.0,14.0,17.0,24.0,0
2.0,3.0,0.0,0.0,2.0,2.0,1.0,7.0,17.97,3.5,220.18,0.02,17.0,0.29,12.23,62.91,6.0,11.0,6.0,7.0,11.0,1
4.0,13.0,0.0,0.0,7.0,3.0,5.0,25.0,21.95,19.0,7924.63,0.14,85.0,0.05,440.26,417.09,38.0,47.0,15.0,15.0,31.0,0
0.0,1.0,0.0,0.0,1.0,1.0,1.0,3.0,9.23,5.25,254.27,0.02,14.0,0.19,14.13,48.43,6.0,8.0,4.0,7.0,5.0,1
4.0,3.0,7.0,3.0,2.0,1.0,1.0,11.0,31.94,12.06,4641.39,0.13,77.0,0.08,257.85,385.0,31.0,46.0,18.0,14.0,27.0,0
3.0,7.0,2.0,0.0,4.0,2.0,3.0,16.0,18.06,14.54,3817.4,0.09,53.0,0.07,212.08,262.57,21.0,32.0,13.0,18.0,23.0,1
1.0,1.0,0.0,0.0,1.0,1.0,1.0,4.0,24.22,2.29,126.52,0.02,16.0,0.44,7.03,55.35,8.0,8.0,7.0,4.0,7.0,0
15.0,24.0,7.0,25.0,13.0,8.0,1.0,81.0,44.74,35.94,57786.5,0.54,267.0,0.03,3210.36,1607.97,115.0,152.0,40.0,25.0,130.0,1
5.0,7.0,0.0,8.0,4.0,4.0,3.0,22.0,47.06,8.94,3759.12,0.14,82.0,0.11,208.84,420.6,39.0,43.0,24.0,11.0,37.0,0
3.0,31.0,0.0,6.0,16.0,5.0,13.0,32.0,48.29,55.39,148186.3,0.89,474.0,0.02,8232.57,2675.19,141.0,333.0,28.0,22.0,44.0,1
3.0,6.0,1.0,0.0,5.0,1.0,1.0,21.0,24.96,9.0,2021.97,0.07,49.0,0.11,112.33,224.66,18.0,31.0,12.0,12.0,27.0,0
2.0,3.0,0.0,8.0,2.0,2.0,1.0,8.0,13.66,4.2,240.91,0.02,16.0,0.24,13.38,57.36,6.0,10.0,5.0,7.0,18.0,1
0.0,3.0,0.0,0.0,2.0,1.0,1.0,7.0,17.27,5.57,536.04,0.03,26.0,0.18,29.78,96.21,13.0,13.0,7.0,6.0,9.0,0
17.0,5.0,0.0,2.0,3.0,1.0,1.0,112.0,171.1,22.34,85352.91,1.27,568.0,0.04,4741.83,3821.46,271.0,297.0,91.0,15.0,133.0,1
4.0,1.0,0.0,0.0,1.0,1.0,1.0,13.0,28.12,8.85,2200.89,0.08,55.0,0.11,122.27,248.8,23.0,32.0,13.0,10.0,20.0,0
11.0,5.0,0.0,6.0,3.0,3.0,1.0,71.0,127.21,28.37,102418.72,1.2,556.0,0.04,5689.93,3609.47,227.0,329.0,72.0,18.0,92.0,1
19.0,7.0,0.0,13.0,4.0,3.0,4.0,50.0,29.29,33.87,33604.92,0.33,184.0,0.03,1866.94,992.19,82.0,102.0,23.0,19.0,89.0,0
13.0,3.0,0.0,7.0,2.0,2.0,1.0,23.0,65.12,9.11,5400.68,0.2,113.0,0.11,300.04,593.02,51.0,62.0,28.0,10.0,46.0,1
0.0,5.0,0.0,0.0,3.0,2.0,3.0,9.0,15.19,8.25,1034.02,0.04,29.0,0.12,57.45,125.34,11.0,18.0,8.0,12.0,11.0,0
1.0,13.0,0.0,0.0,7.0,3.0,7.0,18.0,29.01,13.93,5632.38,0.13,86.0,0.07,312.91,404.24,38.0,48.0,15.0,11.0,21.0,1
2.0,5.0,0.0,0.0,3.0,2.0,3.0,6.0,13.71,5.83,466.67,0.03,20.0,0.17,25.93,80.0,7.0,13.0,6.0,10.0,10.0,0
7.0,11.0,0.0,1.0,6.0,3.0,6.0,24.0,17.66,30.0,15889.84,0.18,105.0,0.03,882.77,529.66,39.0,66.0,13.0,20.0,34.0,1
1.0,7.0,0.0,0.0,4.0,3.0,1.0,11.0,23.15,11.57,3100.28,0.09,57.0,0.09,172.24,267.93,27.0,30.0,14.0,12.0,14.0,0
12.0,15.0,2.0,14.0,9.0,7.0,1.0,67.0,54.34,29.02,45774.99,0.53,260.0,0.03,2543.06,1577.18,104.0,156.0,43.0,24.0,99.0,1
31.0,3.0,0.0,8.0,2.0,2.0,1.0,48.0,72.16,18.75,25368.9,0.45,230.0,0.05,1409.38,1353.01,110.0,120.0,44.0,15.0,87.0,0
16.0,17.0,1.0,14.0,9.0,4.0,5.0,48.0,37.43,30.86,35639.87,0.38,198.0,0.03,1979.99,1154.91,79.0,119.0,32.0,25.0,81.0,1
4.0,5.0,0.0,0.0,3.0,2.0,1.0,27.0,42.57,10.64,4815.98,0.15,89.0,0.09,267.55,452.78,39.0,50.0,22.0,12.0,33.0,0
3.0,1.0,0.0,0.0,1.0,1.0,1.0,6.0,13.44,8.33,933.33,0.04,28.0,0.12,51.85,112.0,10.0,18.0,6.0,10.0,11.0,1
8.0,19.0,2.0,8.0,10.0,9.0,1.0,62.0,54.15,34.75,65394.23,0.63,327.0,0.03,3633.01,1881.85,139.0,188.0,36.0,18.0,82.0,0
12.0,19.0,0.0,30.0,10.0,4.0,6.0,52.0,45.3,27.18,33458.55,0.41,212.0,0.04,1858.81,1231.16,84.0,128.0,34.0,22.0,96.0,1
1.0,5.0,0.0,0.0,3.0,2.0,1.0,7.0,10.42,8.25,709.1,0.03,22.0,0.12,39.39,85.95,11.0,11.0,6.0,9.0,10.0,0
2.0,1.0,0.0,0.0,1.0,1.0,1.0,14.0,21.82,3.3,237.6,0.02,18.0,0.3,13.2,72.0,11.0,7.0,10.0,6.0,18.0,1
3.0,39.0,0.0,4.0,20.0,8.0,14.0,50.0,62.85,20.1,25384.76,0.42,230.0,0.05,1410.26,1263.13,89.0,141.0,31.0,14.0,61.0,0
5.0,9.0,0.0,1.0,5.0,4.0,1.0,29.0,26.83,11.88,3783.11,0.11,67.0,0.08,210.17,318.58,19.0,48.0,12.0,15.0,37.0,1
2.0,39.0,0.0,0.0,20.0,2.0,13.0,49.0,68.48,7.95,4327.95,0.18,103.0,0.13,240.44,544.4,53.0,50.0,30.0,9.0,54.0,0
0.0,1.0,0.0,0.0,1.0,1.0,1.0,6.0,13.69,4.8,315.5,0.02,19.0,0.21,17.53,65.73,8.0,11.0,5.0,6.0,8.0,1
4.0,17.0,0.0,0.0,9.0,1.0,8.0,32.0,19.2,25.97,12946.24,0.17,98.0,0.04,719.24,498.57,41.0,57.0,15.0,19.0,38.0,0
7.0,7.0,0.0,0.0,4.0,2.0,3.0,18.0,23.08,17.6,7149.9,0.14,82.0,0.06,397.22,406.24,33.0,49.0,15.0,16.0,27.0,1
8.0,9.0,0.0,5.0,5.0,5.0,3.0,35.0,38.9,18.75,13675.98,0.24,138.0,0.05,759.78,729.39,60.0,78.0,24.0,15.0,50.0,0
7.0,83.0,20.0,5.0,42.0,25.0,27.0,148.0,79.97,65.26,340687.48,1.74,779.0,0.02,18927.08,5219.64,322.0,457.0,74.0,30.0,182.0,1
0.0,9.0,0.0,0.0,8.0,8.0,1.0,28.0,50.46,14.0,9889.51,0.24,131.0,0.07,549.42,706.39,56.0,75.0,28.0,14.0,30.0,0
1.0,11.0,0.0,0.0,6.0,4.0,1.0,32.0,36.61,17.64,11390.6,0.22,119.0,0.06,632.81,645.73,49.0,70.0,25.0,18.0,35.0,1
1.0,3.0,0.0,3.0,2.0,2.0,1.0,7.0,15.0,3.0,135.0,0.02,15.0,0.33,7.5,45.0,6.0,9.0,4.0,4.0,13.0,0
6.0,13.0,0.0,5.0,7.0,5.0,5.0,25.0,33.02,20.83,14320.27,0.23,132.0,0.05,795.57,687.65,49.0,83.0,20.0,17.0,39.0,1
11.0,15.0,6.0,4.0,8.0,7.0,1.0,31.0,32.29,22.26,16005.55,0.24,137.0,0.04,889.2,718.97,55.0,82.0,21.0,17.0,55.0,0
8.0,5.0,0.0,4.0,3.0,2.0,1.0,33.0,55.9,14.95,12492.89,0.28,154.0,0.07,694.05,835.64,69.0,85.0,30.0,13.0,53.0,1
0.0,1.0,0.0,1.0,1.0,1.0,1.0,4.0,13.84,3.0,124.54,0.01,12.0,0.33,6.92,41.51,5.0,7.0,5.0,6.0,7.0,0
1.0,5.0,0.0,1.0,3.0,2.0,1.0,10.0,13.3,6.3,527.7,0.03,22.0,0.16,29.32,83.76,7.0,15.0,5.0,9.0,14.0,1
0.0,1.0,0.0,0.0,1.0,1.0,1.0,2.0,19.37,2.5,121.08,0.02,14.0,0.4,6.73,48.43,6.0,8.0,6.0,5.0,4.0,0
4.0,3.0,0.0,0.0,2.0,2.0,1.0,16.0,34.98,9.17,2939.08,0.11,66.0,0.11,163.28,320.63,30.0,36.0,18.0,11.0,22.0,1
7.0,5.0,0.0,0.0,4.0,4.0,1.0,40.0,37.61,23.38,20564.75,0.29,143.0,0.04,1142.49,879.41,57.0,86.0,39.0,32.0,50.0,0
32.0,189.0,7.0,33.0,95.0,63.0,19.0,428.0,97.55,110.46,1190340.29,3.59,1644.0,0.01,66130.02,10775.74,682.0,962.0,71.0,23.0,502.0,1
0.0,3.0,1.0,0.0,2.0,2.0,1.0,2.0,7.92,4.0,126.8,0.01,10.0,0.25,7.04,31.7,4.0,6.0,3.0,6.0,5.0,0
6.0,9.0,3.0,2.0,5.0,3.0,1.0,28.0,30.2,19.0,10903.37,0.19,111.0,0.05,605.74,573.86,38.0,73.0,18.0,18.0,41.0,1
3.0,3.0,0.0,0.0,2.0,2.0,1.0,14.0,49.68,4.86,1173.86,0.08,52.0,0.21,65.2,241.48,25.0,27.0,18.0,7.0,19.0,0
12.0,19.0,0.0,39.0,10.0,5.0,1.0,79.0,39.43,35.93,50886.21,0.47,255.0,0.03,2827.01,1416.42,97.0,158.0,27.0,20.0,133.0,1
31.0,13.0,1.0,23.0,7.0,5.0,4.0,57.0,35.81,30.52,33358.44,0.36,204.0,0.03,1853.25,1092.94,78.0,126.0,23.0,18.0,114.0,0
4.0,11.0,0.0,2.0,6.0,3.0,1.0,15.0,25.28,7.13,1283.11,0.06,41.0,0.14,71.28,180.09,19.0,22.0,12.0,9.0,23.0,1
7.0,7.0,0.0,0.0,4.0,3.0,1.0,27.0,32.54,15.68,7999.96,0.17,104.0,0.06,444.44,510.32,41.0,63.0,17.0,13.0,36.0,0
0.0,5.0,0.0,0.0,3.0,3.0,1.0,13.0,18.24,4.67,397.18,0.03,23.0,0.21,22.07,85.11,8.0,15.0,6.0,7.0,15.0,1
4.0,13.0,0.0,2.0,7.0,5.0,7.0,12.0,18.1,19.5,6882.19,0.12,76.0,0.05,382.34,352.93,26.0,50.0,10.0,15.0,20.0,0
25.0,31.0,0.0,22.0,17.0,16.0,1.0,122.0,49.89,56.45,159008.98,0.94,458.0,0.02,8833.83,2816.58,184.0,274.0,44.0,27.0,171.0,1
5.0,35.0,0.0,6.0,18.0,7.0,17.0,34.0,43.69,27.0,31848.28,0.39,209.0,0.04,1769.35,1179.57,81.0,128.0,30.0,20.0,48.0,0
3.0,5.0,0.0,2.0,3.0,1.0,1.0,7.0,10.26,8.0,656.36,0.03,21.0,0.13,36.46,82.04,8.0,13.0,5.0,10.0,14.0,1
0.0,3.0,0.0,0.0,2.0,2.0,1.0,7.0,21.0,2.0,84.0,0.01,14.0,0.5,4.67,42.0,4.0,10.0,4.0,4.0,9.0,0
17.0,17.0,0.0,9.0,9.0,6.0,4.0,78.0,79.42,28.09,62666.87,0.74,349.0,0.04,3481.49,2230.92,149.0,200.0,61.0,23.0,106.0,1
9.0,9.0,2.0,2.0,5.0,4.0,1.0,27.0,47.18,16.72,13185.3,0.26,142.0,0.06,732.52,788.75,59.0,83.0,30.0,17.0,46.0,0
4.0,13.0,0.0,13.0,7.0,6.0,1.0,57.0,26.74,51.75,71619.26,0.46,252.0,0.02,3978.85,1383.95,99.0,153.0,22.0,23.0,74.0,1
1.0,5.0,0.0,0.0,3.0,3.0,1.0,14.0,24.54,4.5,496.86,0.04,29.0,0.22,27.6,110.41,9.0,20.0,7.0,7.0,17.0,0
35.0,29.0,5.0,60.0,15.0,13.0,7.0,154.0,127.35,40.05,204237.6,1.7,755.0,0.02,11346.53,5099.94,296.0,459.0,85.0,23.0,256.0,1
9.0,37.0,3.0,2.0,19.0,10.0,17.0,54.0,62.49,29.37,53894.7,0.61,316.0,0.03,2994.15,1835.12,124.0,192.0,38.0,18.0,82.0,0
88.0,53.0,0.0,51.0,27.0,15.0,17.0,329.0,258.56,46.27,553655.03,3.99,1579.0,0.02,30758.61,11964.76,676.0,903.0,168.0,23.0,470.0,1
3.0,9.0,0.0,6.0,5.0,2.0,5.0,29.0,28.91,16.58,7945.79,0.16,92.0,0.06,441.43,479.27,35.0,57.0,19.0,18.0,41.0,0
1.0,19.0,5.0,0.0,10.0,10.0,1.0,50.0,43.96,23.82,24952.52,0.35,182.0,0.04,1386.25,1047.39,81.0,101.0,34.0,20.0,58.0,1
0.0,1.0,0.0,1.0,1.0,1.0,1.0,19.0,66.39,7.22,3463.04,0.16,106.0,0.14,192.39,479.5,52.0,54.0,18.0,5.0,22.0,0
9.0,7.0,2.0,19.0,4.0,3.0,3.0,20.0,24.16,13.13,4161.52,0.11,64.0,0.08,231.2,317.07,28.0,36.0,16.0,15.0,52.0,1
0.0,7.0,0.0,0.0,6.0,6.0,1.0,22.0,43.97,11.45,5769.18,0.17,99.0,0.09,320.51,503.66,42.0,57.0,22.0,12.0,24.0,0
29.0,17.0,0.0,13.0,9.0,1.0,7.0,140.0,129.78,35.93,167499.82,1.55,693.0,0.03,9305.55,4662.45,329.0,364.0,87.0,19.0,184.0,1
7.0,7.0,0.0,0.0,4.0,2.0,1.0,15.0,27.06,11.72,3715.65,0.11,64.0,0.09,206.42,317.07,25.0,39.0,16.0,15.0,24.0,0
2.0,1.0,0.0,0.0,1.0,1.0,1.0,9.0,11.9,14.4,2467.17,0.06,45.0,0.07,137.06,171.33,16.0,29.0,5.0,9.0,13.0,1
1.0,3.0,0.0,2.0,2.0,1.0,1.0,4.0,8.54,4.67,186.03,0.01,12.0,0.21,10.33,39.86,4.0,8.0,3.0,7.0,11.0,0
3.0,13.0,1.0,3.0,7.0,5.0,1.0,33.0,29.99,26.96,21794.71,0.27,149.0,0.04,1210.82,808.51,62.0,87.0,23.0,20.0,42.0,1
3.0,5.0,0.0,0.0,3.0,2.0,1.0,18.0,23.36,10.5,2575.32,0.08,55.0,0.1,143.07,245.27,21.0,34.0,11.0,11.0,23.0,0
1.0,3.0,0.0,0.0,2.0,2.0,1.0,27.0,30.84,19.79,12079.19,0.2,119.0,0.05,671.07,610.38,47.0,72.0,19.0,16.0,30.0,1
3.0,11.0,0.0,0.0,6.0,4.0,5.0,14.0,24.38,15.5,5856.37,0.13,77.0,0.06,325.35,377.83,31.0,46.0,15.0,15.0,19.0,0
6.0,5.0,0.0,7.0,3.0,3.0,1.0,25.0,39.96,9.33,3480.62,0.12,76.0,0.11,193.37,372.92,28.0,48.0,18.0,12.0,41.0,1
0.0,3.0,0.0,0.0,2.0,2.0,1.0,9.0,22.07,3.86,328.28,0.03,23.0,0.26,18.24,85.11,9.0,14.0,7.0,6.0,11.0,0
4.0,5.0,0.0,5.0,3.0,3.0,1.0,25.0,33.66,13.22,5883.89,0.15,89.0,0.08,326.88,445.0,34.0,55.0,18.0,14.0,36.0,1
1.0,3.0,0.0,0.0,2.0,1.0,1.0,6.0,23.33,10.08,2371.85,0.08,52.0,0.1,131.77,235.23,22.0,30.0,12.0,11.0,9.0,0
4.0,1.0,0.0,0.0,1.0,1.0,1.0,8.0,37.1,9.38,3260.93,0.12,74.0,0.11,181.16,347.83,30.0,44.0,16.0,10.0,14.0,1
3.0,7.0,0.0,7.0,4.0,4.0,4.0,35.0,47.6,14.58,10122.49,0.23,119.0,0.07,562.36,694.11,50.0,69.0,36.0,21.0,45.0,0
15.0,41.0,5.0,13.0,21.0,17.0,21.0,67.0,71.45,31.5,70891.35,0.75,371.0,0.03,3938.41,2250.52,138.0,233.0,46.0,21.0,102.0,1
2.0,3.0,0.0,4.0,2.0,2.0,1.0,8.0,9.41,8.0,602.27,0.03,21.0,0.13,33.46,75.28,8.0,13.0,4.0,8.0,16.0,0
2.0,1.0,0.0,0.0,1.0,1.0,1.0,3.0,10.34,1.5,23.26,0.01,6.0,0.67,1.29,15.51,3.0,3.0,3.0,3.0,7.0,1
3.0,13.0,0.0,10.0,7.0,3.0,5.0,15.0,10.33,22.17,5077.55,0.08,53.0,0.05,282.09,229.06,19.0,34.0,6.0,14.0,30.0,0
4.0,5.0,0.0,0.0,3.0,3.0,1.0,28.0,37.73,16.36,10101.99,0.21,116.0,0.06,561.22,617.34,40.0,76.0,22.0,18.0,34.0,1
7.0,11.0,0.0,6.0,6.0,6.0,1.0,24.0,24.1,32.45,25372.2,0.26,145.0,0.03,1409.57,781.89,59.0,86.0,20.0,22.0,39.0,0
12.0,27.0,0.0,5.0,14.0,6.0,8.0,60.0,30.91,29.25,26444.87,0.3,155.0,0.03,1469.16,904.1,65.0,90.0,30.0,27.0,79.0,1
1.0,11.0,0.0,0.0,6.0,2.0,3.0,20.0,22.57,11.5,2985.37,0.09,54.0,0.09,165.85,259.6,23.0,31.0,14.0,14.0,23.0,0
6.0,13.0,0.0,0.0,7.0,7.0,5.0,43.0,33.5,20.95,14705.2,0.23,131.0,0.05,816.96,701.84,44.0,87.0,21.0,20.0,51.0,1
2.0,7.0,0.0,0.0,4.0,2.0,3.0,22.0,38.44,9.0,3113.53,0.12,68.0,0.11,172.97,345.95,33.0,35.0,22.0,12.0,26.0,0
30.0,179.0,4.0,28.0,90.0,31.0,43.0,351.0,114.83,73.69,623616.04,2.82,1194.0,0.01,34645.34,8462.43,479.0,715.0,104.0,32.0,415.0,1
5.0,17.0,0.0,9.0,9.0,6.0,5.0,41.0,36.93,22.78,19162.57,0.28,156.0,0.04,1064.59,841.2,67.0,89.0,25.0,17.0,57.0,0
6.0,5.0,0.0,0.0,3.0,2.0,1.0,20.0,40.76,12.32,6186.03,0.17,95.0,0.08,343.67,502.11,44.0,51.0,25.0,14.0,28.0,1
2.0,9.0,0.0,0.0,5.0,1.0,5.0,10.0,18.04,17.19,5329.82,0.1,73.0,0.06,296.1,310.1,25.0,48.0,8.0,11.0,14.0,0
2.0,3.0,0.0,7.0,2.0,2.0,1.0,14.0,42.17,4.71,937.24,0.07,46.0,0.21,52.07,198.81,22.0,24.0,14.0,6.0,25.0,1
4.0,9.0,0.0,0.0,5.0,5.0,1.0,23.0,21.02,32.58,22318.78,0.23,141.0,0.03,1239.93,684.98,46.0,95.0,12.0,17.0,29.0,0
3.0,5.0,2.0,2.0,3.0,3.0,1.0,20.0,26.51,15.43,6309.33,0.14,87.0,0.06,350.52,408.94,36.0,51.0,14.0,12.0,29.0,1
4.0,3.0,0.0,0.0,2.0,2.0,1.0,26.0,57.69,9.23,4915.41,0.18,103.0,0.11,273.08,532.5,48.0,55.0,26.0,10.0,32.0,0
17.0,127.0,10.0,6.0,64.0,45.0,61.0,91.0,86.09,52.59,238097.56,1.51,694.0,0.02,13227.64,4527.35,267.0,427.0,66.0,26.0,126.0,1
7.0,11.0,0.0,0.0,6.0,6.0,1.0,45.0,71.26,21.06,31595.26,0.5,253.0,0.05,1755.29,1500.48,109.0,144.0,44.0,17.0,52.0,0
3.0,11.0,3.0,0.0,10.0,1.0,1.0,33.0,37.94,11.81,5290.82,0.15,86.0,0.08,293.93,448.01,31.0,55.0,21.0,16.0,41.0,1
3.0,25.0,0.0,0.0,13.0,9.0,12.0,34.0,35.84,23.6,19959.59,0.28,154.0,0.04,1108.87,845.75,59.0,95.0,25.0,20.0,39.0,0
8.0,39.0,0.0,36.0,20.0,2.0,20.0,53.0,36.42,19.0,13146.0,0.23,136.0,0.05,730.33,691.89,38.0,98.0,17.0,17.0,99.0,1
19.0,25.0,1.0,25.0,13.0,7.0,6.0,61.0,48.4,36.76,65391.43,0.59,305.0,0.03,3632.86,1779.03,136.0,169.0,37.0,20.0,112.0,0
3.0,1.0,0.0,1.0,1.0,1.0,1.0,4.0,9.47,2.67,67.38,0.01,9.0,0.38,3.74,25.27,4.0,5.0,3.0,4.0,10.0,1
0.0,3.0,0.0,0.0,2.0,1.0,1.0,2.0,16.6,4.0,265.67,0.02,17.0,0.25,14.76,66.42,7.0,10.0,7.0,8.0,4.0,0
4.0,3.0,0.0,0.0,2.0,2.0,1.0,20.0,41.97,9.61,3874.75,0.13,78.0,0.1,215.26,403.25,34.0,44.0,23.0,13.0,26.0,1
7.0,9.0,0.0,3.0,5.0,3.0,1.0,32.0,44.49,12.74,7220.73,0.19,108.0,0.08,401.15,566.78,49.0,59.0,25.0,13.0,44.0,0
5.0,19.0,1.0,5.0,12.0,8.0,1.0,50.0,46.68,19.73,18164.52,0.31,160.0,0.05,1009.14,920.78,62.0,98.0,33.0,21.0,63.0,1
2.0,11.0,0.0,0.0,6.0,5.0,1.0,40.0,32.72,34.04,37937.06,0.37,208.0,0.03,2107.61,1114.37,87.0,121.0,23.0,18.0,44.0,0
5.0,13.0,1.0,4.0,7.0,1.0,1.0,21.0,12.99,23.33,7071.84,0.1,67.0,0.04,392.88,303.08,30.0,37.0,9.0,14.0,33.0,1
2.0,3.0,0.0,1.0,2.0,2.0,1.0,8.0,26.48,5.45,787.8,0.05,34.0,0.18,43.77,144.43,15.0,19.0,11.0,8.0,14.0,0
6.0,13.0,1.0,0.0,7.0,5.0,3.0,32.0,33.07,18.75,11627.18,0.21,115.0,0.05,645.95,620.12,50.0,65.0,24.0,18.0,41.0,1
2.0,11.0,0.0,0.0,6.0,5.0,3.0,30.0,38.16,9.17,3206.27,0.12,72.0,0.11,178.13,349.77,30.0,42.0,18.0,11.0,34.0,0
1.0,3.0,0.0,8.0,2.0,2.0,1.0,17.0,22.21,15.27,5181.53,0.11,75.0,0.07,287.86,339.27,28.0,47.0,11.0,12.0,28.0,1
5.0,9.0,0.0,0.0,5.0,3.0,1.0,18.0,39.18,11.0,4741.17,0.14,87.0,0.09,263.4,431.02,40.0,47.0,20.0,11.0,25.0,0
0.0,1.0,0.0,0.0,1.0,1.0,1.0,4.0,17.64,6.3,700.14,0.04,31.0,0.16,38.9,111.13,9.0,22.0,5.0,7.0,6.0,1
31.0,24.0,1.0,0.0,13.0,11.0,13.0,63.0,45.33,41.12,76656.56,0.62,321.0,0.02,4258.7,1864.16,118.0,203.0,33.0,23.0,103.0,0
5.0,9.0,0.0,0.0,5.0,1.0,5.0,19.0,20.09,15.79,5005.15,0.11,64.0,0.06,278.06,317.07,26.0,38.0,14.0,17.0,26.0,1
9.0,3.0,0.0,0.0,2.0,2.0,1.0,8.0,21.69,7.77,1310.13,0.06,39.0,0.13,72.79,168.56,19.0,20.0,11.0,9.0,19.0,0
10.0,17.0,0.0,8.0,9.0,5.0,4.0,45.0,39.91,23.57,22176.04,0.31,178.0,0.04,1232.0,940.8,55.0,123.0,21.0,18.0,65.0,1
2.0,1.0,0.0,0.0,1.0,1.0,1.0,5.0,14.7,10.21,1533.34,0.05,36.0,0.1,85.19,150.12,13.0,23.0,7.0,11.0,10.0,0
13.0,233.0,2.0,17.0,117.0,113.0,117.0,258.0,107.97,87.23,821500.74,3.14,1494.0,0.01,45638.93,9417.85,452.0,1042.0,57.0,22.0,294.0,1
5.0,9.0,0.0,8.0,5.0,4.0,1.0,42.0,41.05,22.73,21212.97,0.31,168.0,0.04,1178.5,933.17,67.0,101.0,28.0,19.0,57.0,0
1.0,3.0,0.0,0.0,2.0,2.0,1.0,7.0,15.5,3.0,139.52,0.02,14.0,0.33,7.75,46.51,4.0,10.0,4.0,6.0,10.0,1
3.0,3.0,0.0,0.0,2.0,2.0,1.0,13.0,28.66,10.4,3099.78,0.1,62.0,0.1,172.21,298.06,24.0,38.0,15.0,13.0,18.0,0
6.0,33.0,7.0,10.0,17.0,11.0,8.0,70.0,35.96,51.15,94089.63,0.61,333.0,0.02,5227.2,1839.35,133.0,200.0,26.0,20.0,95.0,1
1.0,3.0,0.0,0.0,2.0,2.0,1.0,9.0,28.52,5.0,713.12,0.05,33.0,0.2,39.62,142.62,15.0,18.0,12.0,8.0,12.0,0
9.0,37.0,1.0,7.0,19.0,7.0,7.0,77.0,60.1,26.56,42382.92,0.53,267.0,0.04,2354.61,1595.93,123.0,144.0,44.0,19.0,94.0,1
5.0,5.0,0.0,0.0,3.0,3.0,1.0,14.0,48.44,8.39,3406.91,0.14,82.0,0.12,189.27,406.24,41.0,41.0,22.0,9.0,21.0,0
2.0,1.0,0.0,0.0,1.0,1.0,1.0,4.0,12.8,4.2,225.85,0.02,15.0,0.24,12.55,53.77,6.0,9.0,5.0,7.0,8.0,1
0.0,3.0,0.0,0.0,2.0,2.0,1.0,6.0,19.19,3.86,285.46,0.02,20.0,0.26,15.86,74.01,9.0,11.0,7.0,6.0,8.0,0
0.0,1.0,0.0,0.0,1.0,1.0,1.0,5.0,17.17,5.0,429.18,0.03,21.0,0.2,23.84,85.84,7.0,14.0,7.0,10.0,7.0,1
0.0,11.0,0.0,0.0,6.0,1.0,1.0,13.0,46.91,4.0,750.59,0.06,45.0,0.25,41.7,187.65,16.0,29.0,12.0,6.0,15.0,0
20.0,5.0,0.0,13.0,3.0,3.0,1.0,29.0,114.59,4.94,2797.66,0.19,105.0,0.2,155.43,566.19,42.0,63.0,34.0,8.0,64.0,1
1.0,1.0,0.0,0.0,1.0,1.0,1.0,5.0,30.15,2.78,232.67,0.03,22.0,0.36,12.93,83.76,10.0,12.0,9.0,5.0,8.0,0
28.0,1.0,0.0,0.0,1.0,1.0,1.0,36.0,413.59,2.02,1704.87,0.28,137.0,0.49,94.71,839.71,67.0,70.0,66.0,4.0,64.0,1
7.0,1.0,0.0,4.0,1.0,1.0,1.0,22.0,31.02,13.88,5972.45,0.14,98.0,0.07,331.8,430.45,37.0,61.0,12.0,9.0,33.0,0
6.0,7.0,0.0,6.0,4.0,4.0,1.0,23.0,36.59,10.15,3769.56,0.12,73.0,0.1,209.42,371.38,29.0,44.0,20.0,14.0,37.0,1
4.0,3.0,0.0,0.0,2.0,2.0,1.0,10.0,26.65,6.0,959.47,0.05,37.0,0.17,53.3,159.91,12.0,25.0,10.0,10.0,16.0,0
10.0,1.0,0.0,1.0,1.0,1.0,1.0,38.0,78.09,13.4,14021.41,0.35,204.0,0.07,778.97,1046.36,67.0,137.0,25.0,10.0,51.0,1
1.0,27.0,11.0,7.0,14.0,6.0,4.0,48.0,58.93,22.95,31033.99,0.45,235.0,0.04,1724.11,1352.4,109.0,126.0,38.0,16.0,69.0,0
5.0,9.0,0.0,0.0,5.0,4.0,1.0,25.0,27.33,11.07,3350.3,0.1,66.0,0.09,186.13,302.61,31.0,35.0,14.0,10.0,32.0,1
3.0,5.0,0.0,0.0,3.0,2.0,1.0,17.0,17.13,13.8,3261.63,0.08,53.0,0.07,181.2,236.35,23.0,30.0,10.0,12.0,20.0,0
12.0,23.0,3.0,2.0,14.0,6.0,8.0,69.0,25.97,50.14,65286.0,0.43,217.0,0.02,3627.0,1302.0,78.0,139.0,28.0,36.0,89.0,1
14.0,5.0,20.0,5.0,3.0,3.0,1.0,58.0,114.02,14.78,24894.09,0.56,265.0,0.07,1383.0,1684.75,132.0,133.0,67.0,15.0,99.0,0
13.0,11.0,0.0,0.0,10.0,2.0,1.0,58.0,35.85,19.0,12942.93,0.23,128.0,0.05,719.05,681.21,42.0,86.0,21.0,19.0,74.0,1
1.0,1.0,0.0,0.0,1.0,1.0,1.0,49.0,131.5,12.25,19732.68,0.54,290.0,0.08,1096.26,1610.83,140.0,150.0,40.0,7.0,52.0,0
14.0,1.0,0.0,5.0,1.0,1.0,1.0,12.0,24.82,8.73,1890.71,0.07,51.0,0.11,105.04,216.64,24.0,27.0,11.0,8.0,33.0,1
7.0,7.0,0.0,0.0,4.0,3.0,1.0,20.0,16.04,16.5,4367.55,0.09,57.0,0.06,242.64,264.7,22.0,35.0,10.0,15.0,29.0,0
16.0,7.0,0.0,3.0,4.0,4.0,1.0,23.0,34.28,17.58,10589.57,0.2,114.0,0.06,588.31,602.54,37.0,77.0,20.0,19.0,44.0,1
0.0,1.0,0.0,0.0,1.0,1.0,1.0,3.0,29.7,3.5,363.87,0.03,29.0,0.29,20.22,103.96,14.0,15.0,8.0,4.0,5.0,0
9.0,5.0,0.0,2.0,3.0,3.0,1.0,93.0,134.61,19.99,53766.34,0.9,422.0,0.05,2987.02,2690.27,197.0,225.0,69.0,14.0,106.0,1
16.0,5.0,1.0,14.0,3.0,1.0,1.0,94.0,93.34,28.15,73984.09,0.88,410.0,0.04,4110.22,2627.85,183.0,227.0,65.0,20.0,127.0,0
33.0,8.0,12.0,15.0,6.0,4.0,1.0,46.0,41.25,22.37,20646.6,0.31,155.0,0.04,1147.03,922.9,58.0,97.0,35.0,27.0,108.0,1
9.0,11.0,0.0,0.0,10.0,1.0,1.0,24.0,36.28,7.37,1969.97,0.09,53.0,0.14,109.44,267.35,20.0,33.0,19.0,14.0,35.0,0
5.0,92.0,0.0,5.0,52.0,37.0,13.0,188.0,93.57,99.31,922860.63,3.1,1334.0,0.01,51270.04,9292.36,438.0,896.0,86.0,39.0,200.0,1
5.0,7.0,2.0,4.0,4.0,1.0,1.0,21.0,15.54,19.73,6046.3,0.1,66.0,0.05,335.91,306.49,31.0,35.0,11.0,14.0,36.0,0
16.0,7.0,0.0,3.0,4.0,4.0,1.0,28.0,46.75,16.19,12247.78,0.25,137.0,0.06,680.43,756.73,46.0,91.0,27.0,19.0,49.0,1
92.0,60.0,0.0,162.0,35.0,27.0,26.0,275.0,86.75,99.64,861278.67,2.88,1301.0,0.01,47848.81,8643.66,465.0,836.0,70.0,30.0,531.0,0
15.0,13.0,1.0,4.0,7.0,7.0,1.0,47.0,40.38,22.67,20748.42,0.31,172.0,0.04,1152.69,915.37,68.0,104.0,24.0,16.0,69.0,1
7.0,7.0,0.0,0.0,4.0,3.0,1.0,32.0,23.5,21.71,11081.16,0.17,104.0,0.05,615.62,510.32,38.0,66.0,14.0,16.0,41.0,0
0.0,1.0,0.0,0.0,1.0,1.0,1.0,4.0,17.23,1.5,38.77,0.01,10.0,0.67,2.15,25.85,3.0,7.0,3.0,3.0,6.0,1
4.0,11.0,1.0,3.0,6.0,4.0,4.0,30.0,40.0,16.5,10888.66,0.22,124.0,0.06,604.93,659.92,55.0,69.0,25.0,15.0,40.0,0
16.0,81.0,0.0,22.0,41.0,18.0,22.0,98.0,52.53,35.76,67193.22,0.63,328.0,0.03,3732.96,1878.76,128.0,200.0,34.0,19.0,138.0,1
0.0,9.0,0.0,0.0,5.0,4.0,5.0,13.0,21.8,6.19,834.61,0.04,33.0,0.16,46.37,134.89,11.0,22.0,8.0,9.0,15.0,0
8.0,19.0,0.0,0.0,10.0,4.0,5.0,67.0,45.69,29.33,39316.83,0.45,226.0,0.03,2184.27,1340.35,104.0,122.0,39.0,22.0,75.0,1
4.0,1.0,1.0,0.0,1.0,1.0,1.0,8.0,37.84,6.3,1502.03,0.08,52.0,0.16,83.45,238.42,21.0,31.0,15.0,9.0,15.0,0
10.0,35.0,0.0,16.0,18.0,15.0,10.0,55.0,62.16,19.6,23880.48,0.41,217.0,0.05,1326.69,1218.39,98.0,119.0,35.0,14.0,83.0,1
8.0,27.0,0.0,5.0,14.0,5.0,8.0,52.0,21.8,51.6,58031.57,0.37,206.0,0.02,3223.98,1124.64,86.0,120.0,20.0,24.0,67.0,0
7.0,17.0,0.0,7.0,9.0,7.0,5.0,43.0,50.3,18.29,16823.91,0.31,163.0,0.05,934.66,919.95,71.0,92.0,33.0,17.0,59.0,1
12.0,25.0,1.0,9.0,13.0,5.0,5.0,60.0,36.77,55.76,114302.82,0.68,353.0,0.02,6350.16,2050.0,160.0,193.0,33.0,23.0,88.0,0
5.0,11.0,1.0,0.0,8.0,6.0,3.0,65.0,28.54,58.83,98758.54,0.56,299.0,0.02,5486.59,1678.8,133.0,166.0,26.0,23.0,74.0,1
13.0,21.0,0.0,12.0,11.0,8.0,4.0,79.0,53.33,41.59,92218.5,0.74,371.0,0.02,5123.25,2217.57,155.0,216.0,41.0,22.0,106.0,0
3.0,5.0,0.0,0.0,3.0,2.0,1.0,22.0,27.43,27.76,21148.47,0.25,151.0,0.04,1174.92,761.7,59.0,92.0,17.0,16.0,27.0,1
4.0,17.0,2.0,3.0,9.0,3.0,7.0,15.0,23.12,16.43,6244.67,0.13,76.0,0.06,346.93,380.0,29.0,47.0,15.0,17.0,26.0,0
15.0,13.0,0.0,6.0,7.0,5.0,4.0,75.0,72.52,28.25,57855.62,0.68,324.0,0.04,3214.2,2048.3,140.0,184.0,57.0,23.0,98.0,1
1.0,5.0,0.0,0.0,3.0,3.0,1.0,18.0,34.35,9.0,2782.21,0.1,63.0,0.11,154.57,309.13,27.0,36.0,18.0,12.0,22.0,0
9.0,21.0,0.0,1.0,11.0,8.0,6.0,50.0,50.46,23.78,28541.95,0.4,204.0,0.04,1585.66,1200.06,80.0,124.0,37.0,22.0,62.0,1
3.0,9.0,0.0,4.0,5.0,5.0,1.0,23.0,24.16,19.5,9185.7,0.16,96.0,0.05,510.32,471.06,39.0,57.0,15.0,15.0,32.0,0
1.0,11.0,0.0,0.0,6.0,5.0,5.0,39.0,75.4,8.67,5663.15,0.22,117.0,0.12,314.62,653.44,52.0,65.0,36.0,12.0,42.0,1
0.0,1.0,0.0,0.0,1.0,1.0,1.0,4.0,7.74,1.5,17.41,0.0,5.0,0.67,0.97,11.61,2.0,3.0,2.0,3.0,4.0,0
3.0,5.0,1.0,0.0,3.0,2.0,1.0,27.0,29.16,18.86,10370.51,0.18,117.0,0.05,576.14,549.95,44.0,73.0,14.0,12.0,33.0,1
3.0,3.0,0.0,0.0,2.0,2.0,1.0,12.0,35.81,4.8,825.1,0.06,38.0,0.21,45.84,171.9,18.0,20.0,15.0,8.0,17.0,0
3.0,9.0,2.0,1.0,5.0,1.0,3.0,36.0,25.53,24.5,15326.24,0.21,121.0,0.04,851.46,625.56,49.0,72.0,18.0,18.0,47.0,1
2.0,3.0,0.0,6.0,2.0,2.0,1.0,82.0,201.19,22.32,100260.48,1.5,676.0,0.04,5570.03,4491.25,253.0,423.0,85.0,15.0,92.0,0
30.0,19.0,1.0,21.0,10.0,5.0,6.0,67.0,23.58,58.95,81940.43,0.46,263.0,0.02,4552.25,1390.06,112.0,151.0,19.0,20.0,126.0,1
4.0,1.0,0.0,0.0,1.0,1.0,1.0,16.0,66.59,6.0,2397.22,0.13,85.0,0.17,133.18,399.54,40.0,45.0,20.0,6.0,22.0,0
2.0,5.0,4.0,0.0,3.0,3.0,1.0,5.0,14.21,8.25,966.96,0.04,30.0,0.12,53.72,117.21,11.0,19.0,6.0,9.0,13.0,1
5.0,3.0,0.0,4.0,2.0,2.0,1.0,16.0,46.44,6.14,1748.86,0.1,57.0,0.16,97.16,285.0,27.0,30.0,22.0,10.0,27.0,0
2.0,5.0,0.0,0.0,3.0,2.0,3.0,9.0,19.35,8.18,1295.38,0.05,35.0,0.12,71.97,158.32,15.0,20.0,11.0,12.0,13.0,1
0.0,9.0,0.0,0.0,5.0,3.0,4.0,18.0,31.28,9.17,2628.33,0.1,61.0,0.11,146.02,286.73,25.0,36.0,15.0,11.0,20.0,0
10.0,7.0,0.0,8.0,4.0,3.0,1.0,44.0,67.03,21.15,29982.9,0.47,242.0,0.05,1665.72,1417.63,94.0,148.0,40.0,18.0,65.0,1
5.0,1.0,0.0,0.0,1.0,1.0,1.0,9.0,21.8,7.88,1351.93,0.06,42.0,0.13,75.11,171.67,14.0,28.0,8.0,9.0,16.0,0
6.0,1.0,0.0,7.0,1.0,1.0,1.0,10.0,20.2,16.8,5700.03,0.11,74.0,0.06,316.67,339.29,24.0,50.0,10.0,14.0,26.0,1
3.0,3.0,0.0,7.0,2.0,2.0,1.0,13.0,12.0,10.0,1200.0,0.04,30.0,0.1,66.67,120.0,12.0,18.0,6.0,10.0,25.0,0
5.0,7.0,0.0,0.0,4.0,3.0,1.0,33.0,48.25,15.41,11453.84,0.25,137.0,0.06,636.32,743.4,52.0,85.0,27.0,16.0,40.0,1
13.0,3.0,0.0,0.0,2.0,2.0,1.0,63.0,71.77,34.89,87390.38,0.83,419.0,0.03,4855.02,2504.48,205.0,214.0,47.0,16.0,76.0,0
3.0,5.0,0.0,0.0,3.0,2.0,1.0,17.0,16.9,11.67,2300.12,0.07,43.0,0.09,127.78,197.15,14.0,29.0,9.0,15.0,22.0,1
5.0,7.0,0.0,0.0,4.0,2.0,1.0,8.0,22.85,11.69,3124.06,0.09,55.0,0.09,173.56,267.19,19.0,36.0,13.0,16.0,15.0,0
2.0,1.0,0.0,0.0,1.0,1.0,1.0,14.0,21.33,3.0,192.0,0.02,16.0,0.33,10.67,64.0,10.0,6.0,10.0,6.0,18.0,1
2.0,11.0,0.0,6.0,6.0,5.0,4.0,50.0,71.92,18.57,24806.45,0.45,229.0,0.05,1378.14,1335.73,104.0,125.0,42.0,15.0,58.0,0
5.0,9.0,0.0,3.0,5.0,4.0,4.0,19.0,32.28,12.28,4866.12,0.13,80.0,0.08,270.34,396.34,34.0,46.0,18.0,13.0,29.0,1
3.0,9.0,0.0,0.0,5.0,4.0,1.0,18.0,26.36,22.0,12759.36,0.19,114.0,0.05,708.85,579.97,44.0,70.0,17.0,17.0,23.0,0
0.0,1.0,0.0,0.0,1.0,1.0,1.0,0.0,0.0,0.0,0.0,0.0,0.0,0.0,0.0,0.0,0.0,0.0,0.0,0.0,24.0,1
5.0,3.0,0.0,3.0,2.0,2.0,1.0,17.0,45.55,11.73,6264.52,0.18,105.0,0.09,348.03,534.18,43.0,62.0,22.0,12.0,27.0,0
8.0,11.0,0.0,0.0,6.0,6.0,1.0,46.0,66.7,12.77,10883.44,0.28,158.0,0.08,604.64,851.99,72.0,86.0,31.0,11.0,57.0,1
2.0,1.0,0.0,0.0,1.0,1.0,1.0,4.0,6.15,9.0,498.16,0.02,16.0,0.11,27.68,55.35,4.0,12.0,2.0,9.0,9.0,0
4.0,1.0,0.0,0.0,1.0,1.0,1.0,7.0,26.28,4.2,463.52,0.04,27.0,0.24,25.75,110.36,12.0,15.0,10.0,7.0,19.0,1
5.0,17.0,0.0,1.0,9.0,3.0,6.0,23.0,23.59,25.88,15796.57,0.2,120.0,0.04,877.59,610.5,46.0,74.0,16.0,18.0,31.0,0
7.0,21.0,0.0,0.0,11.0,7.0,7.0,83.0,140.64,18.42,47699.98,0.86,389.0,0.05,2650.0,2590.04,182.0,207.0,84.0,17.0,90.0,1
0.0,1.0,0.0,0.0,1.0,1.0,1.0,3.0,16.12,4.0,258.12,0.02,18.0,0.25,14.34,64.53,8.0,10.0,6.0,6.0,5.0,0
1.0,3.0,1.0,0.0,2.0,2.0,1.0,32.0,116.98,15.0,26321.3,0.58,332.0,0.07,1462.29,1754.75,165.0,167.0,33.0,6.0,36.0,1
3.0,7.0,2.0,0.0,4.0,2.0,1.0,18.0,25.78,18.28,8614.57,0.16,97.0,0.05,478.59,471.22,45.0,52.0,16.0,13.0,25.0,0
0.0,1.0,0.0,0.0,1.0,1.0,1.0,2.0,10.8,2.5,67.5,0.01,9.0,0.4,3.75,27.0,3.0,6.0,3.0,5.0,4.0,1
6.0,13.0,0.0,2.0,7.0,5.0,6.0,41.0,58.54,15.65,14331.67,0.31,164.0,0.06,796.2,915.93,76.0,88.0,34.0,14.0,53.0,0
51.0,65.0,0.0,66.0,33.0,24.0,10.0,165.0,176.14,17.89,56367.41,1.05,448.0,0.06,3131.52,3150.97,168.0,280.0,108.0,23.0,284.0,1
3.0,1.0,0.0,0.0,1.0,1.0,1.0,11.0,31.04,8.33,2155.39,0.09,58.0,0.12,119.74,258.64,20.0,38.0,12.0,10.0,17.0,0
6.0,1.0,0.0,0.0,1.0,1.0,1.0,2.0,13.5,2.0,54.0,0.01,9.0,0.5,3.0,27.0,4.0,5.0,4.0,4.0,11.0,1
11.0,31.0,2.0,4.0,16.0,5.0,16.0,66.0,29.5,48.19,68511.5,0.47,262.0,0.02,3806.19,1421.68,92.0,170.0,21.0,22.0,86.0,0
0.0,1.0,0.0,0.0,1.0,1.0,1.0,2.0,5.33,1.5,12.0,0.0,4.0,0.67,0.67,8.0,1.0,3.0,1.0,3.0,4.0,1
0.0,3.0,0.0,0.0,2.0,1.0,1.0,9.0,12.33,7.2,639.44,0.03,24.0,0.14,35.52,88.81,9.0,15.0,5.0,8.0,11.0,0
4.0,3.0,0.0,0.0,2.0,2.0,1.0,11.0,18.73,9.0,1517.0,0.06,39.0,0.11,84.28,168.56,12.0,27.0,8.0,12.0,17.0,1
6.0,39.0,1.0,8.0,20.0,10.0,17.0,99.0,69.07,35.17,85429.53,0.81,380.0,0.03,4746.09,2429.08,166.0,214.0,59.0,25.0,116.0,0
3.0,7.0,0.0,5.0,4.0,3.0,1.0,19.0,43.19,12.4,6645.43,0.18,100.0,0.08,369.19,535.76,43.0,57.0,26.0,15.0,29.0,1
4.0,3.0,0.0,6.0,2.0,2.0,1.0,13.0,15.5,8.57,1138.58,0.04,34.0,0.12,63.25,132.83,15.0,19.0,7.0,8.0,25.0,0
6.0,13.0,3.0,2.0,7.0,5.0,4.0,21.0,33.97,12.66,5442.89,0.14,86.0,0.08,302.38,430.0,37.0,49.0,19.0,13.0,34.0,1
3.0,1.0,0.0,1.0,1.0,1.0,1.0,7.0,9.87,7.88,611.96,0.03,21.0,0.13,34.0,77.71,7.0,14.0,4.0,9.0,13.0,0
10.0,7.0,0.0,4.0,4.0,3.0,4.0,54.0,59.95,25.41,38699.58,0.51,252.0,0.04,2149.98,1523.19,95.0,157.0,43.0,23.0,70.0,1
2.0,1.0,0.0,0.0,1.0,1.0,1.0,9.0,40.06,3.92,616.6,0.05,37.0,0.25,34.26,157.17,17.0,20.0,13.0,6.0,13.0,0
3.0,19.0,2.0,5.0,10.0,7.0,6.0,8.0,15.37,22.0,7440.59,0.11,77.0,0.05,413.37,338.21,33.0,44.0,9.0,12.0,20.0,1
8.0,32.0,0.0,17.0,17.0,8.0,5.0,99.0,52.75,35.63,66951.32,0.63,299.0,0.03,3719.52,1879.34,114.0,185.0,48.0,30.0,127.0,0
27.0,42.0,7.0,37.0,23.0,11.0,15.0,124.0,97.16,49.53,238361.32,1.6,703.0,0.02,13242.3,4812.38,236.0,467.0,81.0,34.0,198.0,1
2.0,3.0,0.0,0.0,2.0,2.0,1.0,11.0,11.75,8.1,770.99,0.03,25.0,0.12,42.83,95.18,9.0,16.0,5.0,9.0,15.0,0
2.0,4.0,1.0,0.0,3.0,3.0,1.0,17.0,24.52,13.65,4569.25,0.11,74.0,0.07,253.85,334.74,21.0,53.0,10.0,13.0,22.0,1
2.0,11.0,1.0,0.0,6.0,3.0,5.0,10.0,33.74,30.44,31267.11,0.34,193.0,0.03,1737.06,1027.13,45.0,148.0,17.0,23.0,15.0,0
2.0,3.0,0.0,0.0,2.0,2.0,1.0,19.0,38.97,6.0,1403.0,0.08,51.0,0.17,77.94,233.83,20.0,31.0,15.0,9.0,23.0,1
2.0,6.0,0.0,0.0,4.0,4.0,1.0,26.0,35.24,11.55,4700.82,0.14,80.0,0.09,261.16,407.0,33.0,47.0,20.0,14.0,30.0,0
2.0,19.0,2.0,6.0,10.0,1.0,8.0,34.0,36.82,12.0,5302.1,0.15,94.0,0.08,294.56,441.84,28.0,66.0,14.0,12.0,46.0,1
2.0,9.0,0.0,0.0,5.0,5.0,1.0,26.0,36.28,7.38,1978.57,0.09,61.0,0.14,109.92,267.93,24.0,37.0,13.0,8.0,30.0,0
24.0,17.0,1.0,8.0,9.0,7.0,3.0,74.0,61.99,36.89,84350.56,0.76,366.0,0.03,4686.14,2286.74,170.0,196.0,53.0,23.0,109.0,1
3.0,1.0,0.0,1.0,1.0,1.0,1.0,11.0,22.67,12.0,3264.3,0.09,61.0,0.08,181.35,272.03,20.0,41.0,10.0,12.0,18.0,0
2.0,11.0,2.0,1.0,6.0,5.0,3.0,18.0,34.89,13.74,6583.65,0.16,92.0,0.07,365.76,479.27,29.0,63.0,19.0,18.0,25.0,1
1.0,25.0,1.0,0.0,13.0,11.0,12.0,26.0,28.89,22.37,14455.38,0.22,125.0,0.04,803.08,646.24,50.0,75.0,19.0,17.0,30.0,0
3.0,7.0,0.0,0.0,4.0,3.0,3.0,14.0,18.62,11.82,2600.92,0.07,48.0,0.08,144.5,220.08,20.0,28.0,11.0,13.0,19.0,1
1.0,5.0,0.0,0.0,3.0,3.0,1.0,8.0,15.8,8.33,1097.38,0.04,31.0,0.12,60.97,131.69,15.0,16.0,9.0,10.0,11.0,0
9.0,5.0,0.0,1.0,3.0,1.0,1.0,33.0,25.49,22.93,13406.72,0.19,118.0,0.04,744.82,584.6,43.0,75.0,15.0,16.0,45.0,1
0.0,15.0,0.0,0.0,8.0,7.0,1.0,33.0,33.43,10.55,3718.1,0.12,83.0,0.09,206.56,352.58,29.0,54.0,11.0,8.0,36.0,0
1.0,3.0,0.0,0.0,2.0,1.0,1.0,3.0,19.58,3.5,239.86,0.02,18.0,0.29,13.33,68.53,7.0,11.0,7.0,7.0,6.0,1
8.0,9.0,0.0,0.0,5.0,5.0,5.0,18.0,28.4,15.0,6390.91,0.14,86.0,0.07,355.05,426.06,32.0,54.0,16.0,15.0,28.0,0
4.0,3.0,0.0,0.0,2.0,2.0,1.0,11.0,19.77,8.67,1484.6,0.06,39.0,0.12,82.48,171.3,13.0,26.0,9.0,12.0,17.0,1
0.0,1.0,0.0,0.0,1.0,1.0,1.0,2.0,9.51,3.0,85.59,0.01,9.0,0.33,4.75,28.53,3.0,6.0,3.0,6.0,4.0,0
8.0,43.0,5.0,5.0,22.0,16.0,11.0,123.0,58.46,47.25,130518.11,0.92,457.0,0.02,7251.01,2762.29,189.0,268.0,44.0,22.0,143.0,1
1.0,5.0,0.0,0.0,3.0,3.0,1.0,22.0,38.83,15.95,9877.43,0.21,125.0,0.06,548.75,619.27,58.0,67.0,20.0,11.0,23.0,0
6.0,9.0,3.0,0.0,5.0,4.0,4.0,12.0,33.68,9.71,3172.85,0.11,68.0,0.1,176.27,326.9,30.0,38.0,17.0,11.0,24.0,1
6.0,15.0,0.0,0.0,8.0,7.0,5.0,39.0,24.98,26.71,17829.93,0.22,123.0,0.04,990.55,667.43,51.0,72.0,21.0,22.0,47.0,0
1.0,1.0,0.0,0.0,1.0,1.0,1.0,3.0,13.84,3.0,124.54,0.01,12.0,0.33,6.92,41.51,5.0,7.0,5.0,6.0,6.0,1
2.0,13.0,0.0,0.0,7.0,4.0,1.0,30.0,30.6,21.0,13493.48,0.21,117.0,0.05,749.64,642.55,48.0,69.0,24.0,21.0,35.0,0
3.0,1.0,0.0,0.0,1.0,1.0,1.0,5.0,40.39,3.54,506.68,0.05,35.0,0.28,28.15,143.06,17.0,18.0,12.0,5.0,10.0,1
12.0,3.0,0.0,1.0,2.0,2.0,1.0,57.0,95.32,13.38,17051.67,0.42,208.0,0.07,947.31,1274.89,107.0,101.0,56.0,14.0,72.0,0
13.0,21.0,0.0,12.0,11.0,9.0,6.0,72.0,58.94,27.38,44176.23,0.54,266.0,0.04,2454.23,1613.58,112.0,154.0,45.0,22.0,101.0,1
4.0,3.0,0.0,0.0,2.0,2.0,1.0,16.0,22.13,14.09,4394.31,0.1,71.0,0.07,244.13,311.85,31.0,40.0,11.0,10.0,23.0,0
3.0,7.0,0.0,6.0,4.0,4.0,1.0,25.0,21.84,20.46,9145.48,0.15,94.0,0.05,508.08,446.96,38.0,56.0,13.0,14.0,36.0,1
0.0,5.0,1.0,1.0,3.0,1.0,1.0,5.0,8.96,6.0,322.65,0.02,15.0,0.17,17.92,53.77,6.0,9.0,4.0,8.0,9.0,0
0.0,1.0,0.0,0.0,1.0,1.0,1.0,3.0,10.84,1.5,24.38,0.01,7.0,0.67,1.35,16.25,2.0,5.0,2.0,3.0,5.0,1
10.0,23.0,0.0,13.0,12.0,8.0,9.0,47.0,41.33,30.57,38612.14,0.42,213.0,0.03,2145.12,1263.25,101.0,112.0,38.0,23.0,70.0,0
13.0,91.0,0.0,12.0,46.0,23.0,30.0,132.0,97.65,25.67,64327.33,0.84,388.0,0.04,3573.74,2506.26,154.0,234.0,66.0,22.0,159.0,1
30.0,9.0,0.0,1.0,5.0,1.0,1.0,21.0,12.26,17.0,3544.44,0.07,50.0,0.06,196.91,208.5,17.0,33.0,6.0,12.0,54.0,0
9.0,11.0,0.0,5.0,6.0,2.0,5.0,41.0,30.24,28.7,24899.58,0.29,158.0,0.03,1383.31,867.71,60.0,98.0,23.0,22.0,57.0,1
9.0,27.0,0.0,0.0,14.0,5.0,14.0,46.0,23.19,36.67,31172.69,0.28,162.0,0.03,1731.82,850.16,66.0,96.0,18.0,20.0,57.0,0
24.0,21.0,3.0,14.0,11.0,9.0,1.0,92.0,124.77,18.58,43059.58,0.77,352.0,0.05,2392.2,2317.91,161.0,191.0,78.0,18.0,135.0,1
4.0,3.0,0.0,5.0,2.0,1.0,1.0,10.0,21.22,5.78,708.49,0.04,30.0,0.17,39.36,122.62,13.0,17.0,9.0,8.0,21.0,0
3.0,3.0,0.0,5.0,2.0,1.0,1.0,4.0,13.29,3.0,119.59,0.01,12.0,0.33,6.64,39.86,6.0,6.0,5.0,5.0,14.0,1
3.0,3.0,0.0,0.0,2.0,2.0,1.0,8.0,12.12,6.6,528.0,0.03,20.0,0.15,29.33,80.0,6.0,14.0,5.0,11.0,13.0,0
6.0,7.0,1.0,3.0,4.0,2.0,3.0,23.0,29.48,10.0,2948.03,0.1,62.0,0.1,163.78,294.8,25.0,37.0,15.0,12.0,35.0,1
4.0,1.0,0.0,1.0,1.0,1.0,1.0,8.0,55.4,6.64,2444.68,0.12,75.0,0.15,135.82,368.02,31.0,44.0,21.0,9.0,15.0,0
27.0,17.0,0.0,2.0,9.0,8.0,1.0,384.0,280.16,55.06,849494.97,5.14,2057.0,0.02,47194.17,15427.18,939.0,1118.0,162.0,19.0,415.0,1
0.0,3.0,0.0,0.0,2.0,2.0,1.0,8.0,12.28,7.0,601.66,0.03,22.0,0.14,33.43,85.95,7.0,15.0,5.0,10.0,10.0,0
5.0,15.0,0.0,2.0,8.0,4.0,3.0,29.0,43.3,13.82,8266.92,0.2,114.0,0.07,459.27,598.26,38.0,76.0,22.0,16.0,38.0,1
3.0,3.0,0.0,0.0,2.0,1.0,1.0,4.0,12.34,5.83,420.0,0.02,18.0,0.17,23.33,72.0,7.0,11.0,6.0,10.0,9.0,0
12.0,33.0,0.0,1.0,17.0,13.0,13.0,98.0,64.59,43.75,123651.53,0.94,451.0,0.02,6869.53,2826.32,182.0,269.0,52.0,25.0,113.0,1
3.0,7.0,0.0,3.0,4.0,4.0,1.0,27.0,26.43,13.3,4675.24,0.12,86.0,0.08,259.74,351.52,38.0,48.0,10.0,7.0,37.0,0
4.0,4.0,1.0,7.0,3.0,3.0,1.0,22.0,30.13,8.87,2369.08,0.09,55.0,0.11,131.62,267.19,19.0,36.0,15.0,14.0,37.0,1
7.0,9.0,0.0,0.0,5.0,3.0,1.0,36.0,61.66,16.2,16181.61,0.33,172.0,0.06,898.98,998.87,81.0,91.0,40.0,16.0,43.0,0
7.0,5.0,0.0,6.0,3.0,3.0,1.0,26.0,49.94,10.0,4993.95,0.17,99.0,0.1,277.44,499.4,46.0,53.0,23.0,10.0,41.0,1
1.0,9.0,0.0,0.0,5.0,5.0,5.0,17.0,20.48,14.86,4519.95,0.1,62.0,0.07,251.11,304.23,26.0,36.0,14.0,16.0,20.0,0
2.0,1.0,0.0,1.0,1.0,1.0,1.0,1.0,0.0,0.0,0.0,0.0,1.0,0.0,0.0,0.0,0.0,1.0,0.0,1.0,6.0,1
6.0,7.0,0.0,0.0,4.0,3.0,1.0,23.0,33.22,11.29,4233.55,0.13,75.0,0.09,235.2,375.0,33.0,42.0,19.0,13.0,31.0,0
6.0,5.0,1.0,4.0,3.0,3.0,1.0,18.0,45.42,11.76,6283.02,0.18,105.0,0.09,349.06,534.18,38.0,67.0,21.0,13.0,31.0,1
4.0,5.0,0.0,0.0,3.0,3.0,1.0,20.0,18.07,20.0,7227.43,0.12,76.0,0.05,401.52,361.37,32.0,44.0,12.0,15.0,26.0,0
15.0,15.0,0.0,13.0,8.0,7.0,1.0,62.0,76.77,13.43,13846.63,0.34,176.0,0.07,769.26,1031.0,77.0,99.0,43.0,15.0,92.0,1
31.0,31.0,0.0,0.0,17.0,14.0,8.0,170.0,48.9,87.0,370122.64,1.42,683.0,0.01,20562.37,4254.28,276.0,407.0,46.0,29.0,203.0,0
2.0,5.0,1.0,7.0,3.0,3.0,1.0,12.0,26.42,12.38,4045.39,0.11,68.0,0.08,224.74,326.9,33.0,35.0,16.0,12.0,25.0,1
2.0,1.0,0.0,0.0,1.0,1.0,1.0,13.0,42.77,8.57,3142.38,0.12,74.0,0.12,174.58,366.61,36.0,38.0,21.0,10.0,15.0,0
9.0,43.0,0.0,4.0,22.0,11.0,15.0,79.0,83.81,31.88,85162.8,0.89,403.0,0.03,4731.27,2671.63,179.0,224.0,73.0,26.0,92.0,1
0.0,1.0,0.0,0.0,1.0,1.0,1.0,2.0,9.6,2.5,60.0,0.01,8.0,0.4,3.33,24.0,3.0,5.0,3.0,5.0,5.0,0
10.0,3.0,0.0,11.0,2.0,2.0,1.0,27.0,45.63,11.96,6527.58,0.18,104.0,0.08,362.64,545.78,46.0,58.0,25.0,13.0,50.0,1
2.0,13.0,0.0,6.0,7.0,1.0,5.0,22.0,13.76,27.13,10125.36,0.12,74.0,0.04,562.52,373.29,31.0,43.0,12.0,21.0,32.0,0
6.0,19.0,0.0,0.0,10.0,3.0,9.0,40.0,29.45,34.26,34566.83,0.34,177.0,0.03,1920.38,1008.98,74.0,103.0,27.0,25.0,46.0,1
2.0,3.0,0.0,0.0,2.0,2.0,1.0,11.0,18.25,9.0,1478.1,0.05,38.0,0.11,82.12,164.23,12.0,26.0,8.0,12.0,16.0,0
3.0,5.0,4.0,11.0,3.0,2.0,1.0,22.0,19.65,12.6,3119.61,0.08,54.0,0.08,173.31,247.59,18.0,36.0,10.0,14.0,42.0,1
5.0,3.0,0.0,0.0,2.0,2.0,1.0,17.0,29.91,10.5,3297.43,0.1,64.0,0.1,183.19,314.04,24.0,40.0,16.0,14.0,25.0,0
3.0,5.0,0.0,13.0,3.0,3.0,1.0,8.0,31.03,9.43,2758.45,0.1,63.0,0.11,153.25,292.56,24.0,39.0,14.0,11.0,26.0,1
1.0,11.0,0.0,6.0,6.0,4.0,1.0,47.0,44.86,18.33,15077.27,0.27,166.0,0.05,837.63,822.4,77.0,89.0,21.0,10.0,56.0,0
0.0,3.0,0.0,0.0,2.0,2.0,1.0,7.0,19.92,5.69,644.39,0.04,29.0,0.18,35.8,113.3,13.0,16.0,8.0,7.0,9.0,1
6.0,11.0,0.0,0.0,6.0,6.0,6.0,27.0,20.43,35.14,25226.63,0.24,134.0,0.03,1401.48,717.91,55.0,79.0,18.0,23.0,33.0,0
5.0,11.0,2.0,0.0,6.0,4.0,1.0,28.0,24.69,19.68,9565.99,0.16,94.0,0.05,531.44,485.97,44.0,50.0,19.0,17.0,37.0,1
3.0,3.0,0.0,0.0,2.0,2.0,1.0,10.0,24.86,4.67,541.33,0.04,29.0,0.21,30.07,116.0,12.0,17.0,9.0,7.0,15.0,0
52.0,5.0,0.0,19.0,3.0,3.0,3.0,169.0,312.17,29.78,276879.2,3.1,1237.0,0.03,15382.18,9296.92,546.0,691.0,165.0,18.0,242.0,1
0.0,5.0,0.0,0.0,3.0,2.0,1.0,6.0,15.01,7.5,844.41,0.04,27.0,0.13,46.91,112.59,12.0,15.0,8.0,10.0,8.0,0
31.0,5.0,8.0,7.0,3.0,3.0,1.0,95.0,192.91,16.32,51400.64,1.05,460.0,0.06,2855.59,3148.93,202.0,258.0,99.0,16.0,143.0,1
2.0,5.0,0.0,0.0,3.0,1.0,3.0,12.0,13.99,10.5,1542.93,0.05,34.0,0.1,85.72,146.95,9.0,25.0,6.0,14.0,16.0,0
2.0,1.0,0.0,0.0,1.0,1.0,1.0,3.0,6.97,2.0,27.86,0.0,6.0,0.5,1.55,13.93,1.0,5.0,1.0,4.0,7.0,1
0.0,1.0,0.0,4.0,1.0,1.0,1.0,5.0,17.17,2.4,98.9,0.01,13.0,0.42,5.49,41.21,6.0,7.0,5.0,4.0,9.0,0
7.0,3.0,0.0,0.0,2.0,2.0,1.0,44.0,117.59,15.0,26457.27,0.59,279.0,0.07,1469.85,1763.82,120.0,159.0,64.0,16.0,53.0,1
1.0,1.0,0.0,0.0,1.0,1.0,1.0,6.0,13.45,3.6,174.36,0.02,14.0,0.28,9.69,48.43,6.0,8.0,5.0,6.0,9.0,0
11.0,1.0,108.0,9.0,1.0,1.0,1.0,41.0,172.57,15.27,40253.16,0.88,407.0,0.07,2236.29,2635.62,196.0,211.0,77.0,12.0,171.0,1
7.0,13.0,0.0,0.0,7.0,7.0,1.0,45.0,34.7,19.08,12631.04,0.22,122.0,0.05,701.72,662.0,53.0,69.0,25.0,18.0,54.0,0
2.0,3.0,0.0,6.0,2.0,2.0,1.0,19.0,18.55,11.0,2244.0,0.07,51.0,0.09,124.67,204.0,22.0,29.0,8.0,8.0,29.0,1
1.0,13.0,0.0,3.0,7.0,5.0,7.0,14.0,10.07,40.07,16167.89,0.13,88.0,0.02,898.22,403.48,33.0,55.0,7.0,17.0,20.0,0
10.0,35.0,16.0,12.0,18.0,13.0,10.0,77.0,50.91,35.14,62875.51,0.6,296.0,0.03,3493.08,1789.14,123.0,173.0,42.0,24.0,117.0,1
27.0,53.0,0.0,29.0,27.0,21.0,1.0,109.0,50.73,52.54,140031.41,0.89,461.0,0.02,7779.52,2665.21,216.0,245.0,37.0,18.0,167.0,0
2.0,1.0,5.0,0.0,1.0,1.0,1.0,2.0,52.0,2.0,208.0,0.03,26.0,0.5,11.56,104.0,12.0,14.0,12.0,4.0,11.0,1
14.0,35.0,1.0,12.0,18.0,10.0,6.0,75.0,37.65,53.14,106331.12,0.67,351.0,0.02,5907.28,2000.85,124.0,227.0,28.0,24.0,104.0,0
4.0,17.0,0.0,5.0,9.0,7.0,9.0,20.0,31.75,17.0,9175.89,0.18,110.0,0.06,509.77,539.76,34.0,76.0,15.0,15.0,34.0,1
5.0,3.0,0.0,10.0,2.0,2.0,1.0,22.0,41.99,13.72,7904.21,0.19,109.0,0.07,439.12,576.11,49.0,60.0,25.0,14.0,40.0,0
11.0,1.0,2.0,0.0,1.0,1.0,1.0,55.0,198.03,6.55,8507.9,0.43,218.0,0.15,472.66,1298.01,103.0,115.0,55.0,7.0,70.0,1
0.0,1.0,0.0,0.0,1.0,1.0,1.0,4.0,18.13,4.29,333.04,0.03,21.0,0.23,18.5,77.71,10.0,11.0,7.0,6.0,6.0,0
7.0,17.0,2.0,3.0,9.0,7.0,1.0,33.0,29.46,27.72,22634.06,0.27,147.0,0.04,1257.45,816.52,63.0,84.0,25.0,22.0,47.0,1
3.0,1.0,0.0,0.0,1.0,1.0,1.0,6.0,15.42,6.67,685.32,0.03,27.0,0.15,38.07,102.8,10.0,17.0,6.0,8.0,11.0,0
42.0,139.0,0.0,8.0,70.0,10.0,1.0,150.0,112.95,48.12,261494.78,1.81,878.0,0.02,14527.49,5434.67,317.0,561.0,56.0,17.0,202.0,1
1.0,7.0,0.0,1.0,4.0,4.0,1.0,25.0,32.65,14.37,6740.64,0.16,93.0,0.07,374.48,469.13,39.0,54.0,19.0,14.0,29.0,0
9.0,22.0,3.0,13.0,12.0,7.0,9.0,84.0,44.1,49.03,105996.37,0.72,359.0,0.02,5888.69,2162.03,138.0,221.0,38.0,27.0,111.0,1
2.0,11.0,0.0,0.0,6.0,6.0,5.0,34.0,32.47,30.33,29872.94,0.33,192.0,0.03,1659.61,984.82,91.0,101.0,21.0,14.0,38.0,0
5.0,5.0,0.0,0.0,3.0,2.0,1.0,14.0,44.96,4.24,806.39,0.06,41.0,0.24,44.8,190.4,18.0,23.0,17.0,8.0,21.0,1
6.0,21.0,0.0,1.0,11.0,7.0,1.0,63.0,74.79,22.22,36939.51,0.55,274.0,0.04,2052.19,1662.11,121.0,153.0,49.0,18.0,70.0,0
2.0,11.0,0.0,1.0,6.0,3.0,1.0,40.0,46.38,27.36,34716.98,0.42,226.0,0.04,1928.72,1268.92,103.0,123.0,32.0,17.0,45.0,1
1.0,11.0,0.0,0.0,6.0,5.0,1.0,12.0,25.22,13.2,4393.52,0.11,70.0,0.08,244.08,332.84,33.0,37.0,15.0,12.0,15.0,0
2.0,11.0,1.0,6.0,6.0,6.0,1.0,37.0,36.98,28.0,28991.96,0.35,209.0,0.04,1610.66,1035.43,68.0,141.0,17.0,14.0,48.0,1
4.0,11.0,0.0,2.0,6.0,5.0,1.0,48.0,49.96,17.0,14439.21,0.28,149.0,0.06,802.18,849.37,70.0,79.0,35.0,17.0,56.0,0
5.0,5.0,0.0,0.0,3.0,2.0,1.0,24.0,40.42,10.86,4764.79,0.15,87.0,0.09,264.71,438.86,38.0,49.0,21.0,12.0,31.0,1
8.0,9.0,1.0,6.0,5.0,3.0,1.0,45.0,50.65,21.5,23414.96,0.36,195.0,0.05,1300.83,1089.07,86.0,109.0,32.0,16.0,62.0,0
0.0,1.0,0.0,0.0,1.0,1.0,1.0,4.0,17.64,6.3,700.14,0.04,31.0,0.16,38.9,111.13,9.0,22.0,5.0,7.0,7.0,1
1.0,13.0,0.0,0.0,7.0,4.0,7.0,11.0,17.73,16.0,4538.14,0.09,59.0,0.06,252.12,283.63,24.0,35.0,12.0,16.0,14.0,0
4.0,25.0,1.0,2.0,13.0,9.0,12.0,51.0,60.3,14.06,11920.88,0.28,151.0,0.07,662.27,847.82,58.0,93.0,33.0,16.0,60.0,1
2.0,17.0,8.0,0.0,9.0,8.0,1.0,28.0,46.1,12.14,6797.87,0.19,113.0,0.08,377.66,559.82,51.0,62.0,21.0,10.0,40.0,0
4.0,5.0,0.0,4.0,3.0,1.0,1.0,36.0,45.75,25.5,29749.5,0.39,215.0,0.04,1652.75,1166.65,78.0,137.0,26.0,17.0,47.0,1
2.0,9.0,0.0,0.0,5.0,2.0,5.0,8.0,10.44,20.64,4448.4,0.07,47.0,0.05,247.13,215.49,17.0,30.0,7.0,17.0,12.0,0
3.0,5.0,0.0,0.0,3.0,3.0,1.0,8.0,11.86,5.25,326.92,0.02,18.0,0.19,18.16,62.27,6.0,12.0,4.0,7.0,13.0,1
2.0,3.0,0.0,0.0,2.0,2.0,1.0,11.0,22.79,9.0,1846.2,0.07,46.0,0.11,102.57,205.13,18.0,28.0,11.0,11.0,13.0,0
4.0,11.0,0.0,0.0,6.0,4.0,4.0,21.0,20.98,17.0,6063.94,0.12,72.0,0.06,336.89,356.7,28.0,44.0,14.0,17.0,27.0,1
3.0,11.0,0.0,0.0,6.0,2.0,3.0,14.0,17.82,14.73,3863.94,0.09,58.0,0.07,214.66,262.37,27.0,31.0,11.0,12.0,19.0,0
16.0,1.0,0.0,0.0,1.0,1.0,1.0,95.0,186.54,18.37,62970.12,1.14,565.0,0.05,3498.34,3427.34,271.0,294.0,59.0,8.0,113.0,1
1.0,3.0,0.0,0.0,2.0,2.0,1.0,7.0,11.95,6.3,474.29,0.03,21.0,0.16,26.35,75.28,9.0,12.0,5.0,7.0,10.0,0
5.0,13.0,3.0,1.0,7.0,5.0,1.0,20.0,36.0,16.23,9480.0,0.19,113.0,0.06,526.67,584.2,51.0,62.0,22.0,14.0,31.0,1
12.0,29.0,2.0,8.0,15.0,14.0,14.0,64.0,59.44,29.62,52130.58,0.59,298.0,0.03,2896.14,1760.25,110.0,188.0,39.0,21.0,88.0,0
4.0,7.0,1.0,0.0,4.0,1.0,4.0,15.0,11.25,14.67,2419.98,0.05,37.0,0.07,134.44,165.0,11.0,26.0,6.0,16.0,22.0,1
11.0,11.0,0.0,3.0,6.0,2.0,6.0,51.0,92.85,15.09,21155.16,0.47,225.0,0.07,1175.29,1401.48,103.0,122.0,58.0,17.0,67.0,0
3.0,9.0,0.0,0.0,5.0,3.0,3.0,22.0,18.17,11.7,2487.51,0.07,47.0,0.09,138.19,212.61,18.0,29.0,10.0,13.0,27.0,1
7.0,3.0,0.0,1.0,2.0,2.0,1.0,21.0,58.49,11.85,8207.69,0.23,133.0,0.08,455.98,692.86,56.0,77.0,26.0,11.0,31.0,0
3.0,5.0,0.0,0.0,3.0,2.0,1.0,9.0,16.21,8.94,1295.46,0.05,33.0,0.11,71.97,144.95,11.0,22.0,8.0,13.0,14.0,1
8.0,13.0,0.0,17.0,7.0,6.0,1.0,33.0,34.28,25.78,22774.73,0.29,155.0,0.04,1265.26,883.57,65.0,90.0,29.0,23.0,60.0,0
20.0,41.0,0.0,15.0,21.0,3.0,20.0,108.0,53.52,62.21,207163.75,1.11,547.0,0.02,11509.1,3329.84,201.0,346.0,42.0,26.0,147.0,1
2.0,5.0,0.0,0.0,3.0,3.0,1.0,13.0,29.71,4.77,676.67,0.05,34.0,0.21,37.59,141.78,15.0,19.0,11.0,7.0,17.0,0
0.0,3.0,0.0,0.0,2.0,2.0,1.0,8.0,24.91,2.5,155.67,0.02,18.0,0.4,8.65,62.27,6.0,12.0,6.0,5.0,10.0,1
7.0,27.0,0.0,9.0,14.0,14.0,1.0,120.0,49.72,51.8,133399.56,0.86,454.0,0.02,7411.09,2575.28,148.0,306.0,30.0,21.0,139.0,0
29.0,1.0,0.0,0.0,1.0,1.0,1.0,39.0,466.75,2.02,1918.5,0.32,151.0,0.49,106.58,946.28,74.0,77.0,73.0,4.0,70.0,1
4.0,5.0,0.0,5.0,3.0,3.0,1.0,12.0,18.91,10.56,2107.44,0.07,47.0,0.09,117.08,199.65,19.0,28.0,9.0,10.0,23.0,0
20.0,33.0,0.0,38.0,17.0,7.0,14.0,69.0,72.07,16.21,18937.82,0.39,203.0,0.06,1052.1,1168.24,77.0,126.0,38.0,16.0,129.0,1
4.0,11.0,1.0,0.0,6.0,3.0,1.0,20.0,18.94,10.67,2155.16,0.07,46.0,0.09,119.73,202.05,16.0,30.0,9.0,12.0,27.0,0
6.0,13.0,3.0,6.0,7.0,7.0,1.0,53.0,44.25,21.94,21295.68,0.32,172.0,0.05,1183.09,970.74,78.0,94.0,32.0,18.0,74.0,1
1.0,21.0,0.0,0.0,11.0,9.0,9.0,65.0,58.52,18.51,20058.99,0.36,191.0,0.05,1114.39,1083.43,81.0,110.0,35.0,16.0,68.0,0
6.0,5.0,0.0,8.0,3.0,2.0,1.0,17.0,22.31,12.66,3573.99,0.09,57.0,0.08,198.55,282.39,27.0,30.0,16.0,15.0,33.0,1
2.0,21.0,0.0,0.0,11.0,4.0,1.0,56.0,45.51,14.62,9733.57,0.22,137.0,0.07,540.75,665.54,36.0,101.0,16.0,13.0,61.0,0
4.0,3.0,0.0,0.0,2.0,2.0,1.0,16.0,32.68,9.71,3079.54,0.11,66.0,0.1,171.09,317.29,30.0,36.0,17.0,11.0,22.0,1
8.0,15.0,0.0,9.0,8.0,6.0,7.0,31.0,45.81,16.69,12752.83,0.25,140.0,0.06,708.49,764.32,53.0,87.0,27.0,17.0,50.0,0
4.0,15.0,0.0,0.0,8.0,5.0,1.0,63.0,47.28,31.84,47938.33,0.5,257.0,0.03,2663.24,1505.5,121.0,136.0,38.0,20.0,69.0,1
3.0,11.0,0.0,2.0,6.0,4.0,4.0,42.0,49.86,21.5,23049.9,0.36,189.0,0.05,1280.55,1072.09,86.0,103.0,34.0,17.0,47.0,0
2.0,19.0,0.0,0.0,10.0,1.0,6.0,20.0,24.63,9.31,2133.77,0.08,50.0,0.11,118.54,229.25,22.0,28.0,13.0,11.0,24.0,1
8.0,21.0,0.0,9.0,11.0,3.0,9.0,32.0,25.71,24.94,15988.94,0.21,125.0,0.04,888.27,641.16,42.0,83.0,16.0,19.0,51.0,0
15.0,7.0,0.0,0.0,4.0,3.0,1.0,68.0,35.17,45.85,73943.47,0.54,317.0,0.02,4107.97,1612.73,131.0,186.0,20.0,14.0,85.0,1
0.0,3.0,0.0,0.0,2.0,2.0,1.0,11.0,14.09,5.4,410.98,0.03,22.0,0.19,22.83,76.11,9.0,13.0,5.0,6.0,13.0,0
2.0,7.0,0.0,0.0,4.0,2.0,1.0,8.0,23.48,9.69,2205.47,0.08,49.0,0.1,122.53,227.55,21.0,28.0,13.0,12.0,12.0,1
0.0,1.0,0.0,0.0,1.0,1.0,1.0,1.0,0.0,0.0,0.0,0.0,1.0,0.0,0.0,0.0,0.0,1.0,0.0,1.0,2.0,0
17.0,144.0,4.0,19.0,75.0,42.0,63.0,226.0,80.58,99.0,789789.1,2.66,1119.0,0.01,43877.17,7977.67,418.0,701.0,95.0,45.0,269.0,1
4.0,9.0,0.0,3.0,5.0,1.0,1.0,26.0,18.32,19.94,7283.6,0.12,86.0,0.05,404.64,365.32,29.0,57.0,8.0,11.0,38.0,0
2.0,15.0,3.0,0.0,9.0,9.0,4.0,38.0,42.07,20.71,18036.96,0.29,150.0,0.05,1002.05,871.1,64.0,86.0,34.0,22.0,45.0,1
8.0,7.0,0.0,0.0,4.0,4.0,1.0,13.0,28.57,7.96,1810.7,0.08,51.0,0.13,100.59,227.43,23.0,28.0,13.0,9.0,23.0,0
6.0,3.0,0.0,0.0,2.0,1.0,1.0,16.0,35.74,7.47,1992.78,0.09,59.0,0.13,110.71,266.89,28.0,31.0,15.0,8.0,24.0,1
1.0,3.0,0.0,0.0,2.0,2.0,1.0,8.0,30.68,5.54,941.08,0.06,40.0,0.18,52.28,169.92,24.0,16.0,13.0,6.0,12.0,0
11.0,21.0,6.0,12.0,11.0,10.0,5.0,51.0,55.41,26.96,40271.64,0.5,255.0,0.04,2237.31,1493.79,95.0,160.0,37.0,21.0,82.0,1
9.0,13.0,0.0,0.0,7.0,5.0,3.0,35.0,30.34,21.47,13988.36,0.22,127.0,0.05,777.13,651.42,51.0,76.0,19.0,16.0,46.0,0
30.0,21.0,4.0,1.0,15.0,3.0,1.0,106.0,65.95,21.18,29575.22,0.47,245.0,0.05,1643.07,1396.61,80.0,165.0,34.0,18.0,143.0,1
7.0,1.0,0.0,0.0,1.0,1.0,1.0,21.0,55.3,7.79,3357.12,0.14,84.0,0.13,186.51,430.86,34.0,50.0,24.0,11.0,33.0,0
2.0,1.0,0.0,0.0,1.0,1.0,1.0,14.0,62.5,5.05,1595.53,0.11,68.0,0.2,88.64,315.78,32.0,36.0,19.0,6.0,18.0,1
1.0,9.0,0.0,0.0,5.0,5.0,1.0,20.0,18.65,21.25,8422.13,0.13,80.0,0.05,467.9,396.34,35.0,45.0,14.0,17.0,23.0,0
3.0,3.0,0.0,7.0,2.0,2.0,1.0,14.0,24.53,6.8,1134.22,0.06,40.0,0.15,63.01,166.8,17.0,23.0,10.0,8.0,26.0,1
1.0,7.0,0.0,1.0,4.0,4.0,1.0,21.0,18.98,12.73,3074.62,0.08,55.0,0.08,170.81,241.58,28.0,27.0,11.0,10.0,25.0,0
20.0,9.0,0.0,4.0,5.0,5.0,1.0,27.0,48.82,18.0,15816.54,0.29,160.0,0.06,878.7,878.7,54.0,106.0,27.0,18.0,53.0,1
4.0,15.0,1.0,4.0,8.0,4.0,7.0,24.0,16.78,22.1,8197.6,0.12,82.0,0.05,455.42,370.93,34.0,48.0,10.0,13.0,38.0,0
10.0,39.0,0.0,4.0,20.0,15.0,16.0,76.0,88.31,25.69,58274.06,0.76,362.0,0.04,3237.45,2268.58,137.0,225.0,56.0,21.0,93.0,1
8.0,15.0,1.0,2.0,8.0,7.0,1.0,26.0,50.88,14.9,11289.73,0.25,138.0,0.07,627.21,757.88,54.0,84.0,29.0,16.0,39.0,0
9.0,29.0,0.0,4.0,15.0,15.0,11.0,62.0,91.8,18.04,29873.71,0.55,273.0,0.06,1659.65,1656.04,115.0,158.0,51.0,16.0,77.0,1
2.0,3.0,0.0,0.0,2.0,2.0,1.0,8.0,11.52,8.33,800.0,0.03,24.0,0.12,44.44,96.0,10.0,14.0,6.0,10.0,13.0,0
3.0,1.0,0.0,0.0,1.0,1.0,1.0,5.0,19.43,3.43,228.37,0.02,18.0,0.29,12.69,66.61,8.0,10.0,7.0,6.0,10.0,1
3.0,29.0,0.0,0.0,15.0,7.0,15.0,36.0,32.22,21.33,14662.91,0.23,134.0,0.05,814.61,687.32,64.0,70.0,21.0,14.0,43.0,0
11.0,59.0,2.0,107.0,30.0,18.0,25.0,223.0,90.41,48.3,210905.61,1.46,676.0,0.02,11716.98,4366.58,273.0,403.0,65.0,23.0,351.0,1
25.0,17.0,6.0,14.0,9.0,7.0,3.0,99.0,56.48,55.31,172787.45,1.04,548.0,0.02,9599.3,3123.84,177.0,371.0,32.0,20.0,146.0,0
5.0,27.0,0.0,0.0,14.0,9.0,1.0,54.0,38.15,33.09,41761.46,0.42,226.0,0.03,2320.08,1262.2,101.0,125.0,29.0,19.0,61.0,1
5.0,11.0,0.0,0.0,6.0,4.0,5.0,22.0,27.16,16.05,7000.05,0.15,85.0,0.06,388.89,435.99,34.0,51.0,18.0,17.0,32.0,0
9.0,7.0,0.0,1.0,4.0,4.0,4.0,33.0,56.72,21.71,26742.14,0.41,214.0,0.05,1485.67,1231.55,80.0,134.0,35.0,19.0,46.0,1
1.0,5.0,0.0,0.0,3.0,3.0,1.0,15.0,23.38,8.71,1772.67,0.07,45.0,0.11,98.48,203.56,19.0,26.0,12.0,11.0,18.0,0
11.0,14.0,2.0,14.0,8.0,5.0,5.0,54.0,44.19,27.06,32355.38,0.4,205.0,0.04,1797.52,1195.74,80.0,125.0,34.0,23.0,84.0,1
1.0,1.0,0.0,0.0,1.0,1.0,1.0,2.0,10.34,2.0,41.36,0.01,8.0,0.5,2.3,20.68,2.0,6.0,2.0,4.0,6.0,0
0.0,1.0,0.0,7.0,1.0,1.0,1.0,1.0,0.0,0.0,0.0,0.0,1.0,0.0,0.0,0.0,0.0,1.0,0.0,1.0,10.0,1
0.0,1.0,0.0,0.0,1.0,1.0,1.0,3.0,10.38,4.0,166.05,0.01,12.0,0.25,9.23,41.51,3.0,9.0,3.0,8.0,5.0,0
5.0,245.0,0.0,1.0,123.0,82.0,122.0,97.0,159.53,38.08,231389.88,2.02,943.0,0.03,12854.99,6075.7,338.0,605.0,71.0,16.0,105.0,1
4.0,5.0,0.0,0.0,3.0,3.0,1.0,19.0,16.37,24.67,9960.84,0.13,84.0,0.04,553.38,403.82,37.0,47.0,12.0,16.0,27.0,0
19.0,63.0,0.0,21.0,32.0,3.0,17.0,161.0,52.37,61.46,197816.48,1.07,520.0,0.02,10989.8,3218.71,236.0,284.0,48.0,25.0,201.0,1
1.0,3.0,0.0,0.0,2.0,2.0,1.0,8.0,12.56,6.67,558.41,0.03,22.0,0.15,31.02,83.76,10.0,12.0,6.0,8.0,11.0,0
2.0,17.0,0.0,0.0,9.0,5.0,9.0,24.0,23.73,38.56,35284.28,0.31,177.0,0.03,1960.24,915.08,69.0,108.0,17.0,19.0,28.0,1
0.0,3.0,0.0,1.0,2.0,1.0,1.0,8.0,11.1,8.4,782.96,0.03,26.0,0.12,43.5,93.21,12.0,14.0,5.0,7.0,9.0,0
34.0,85.0,1.0,60.0,43.0,26.0,12.0,159.0,109.78,35.31,136868.43,1.29,575.0,0.03,7603.8,3876.34,220.0,355.0,81.0,26.0,256.0,1
4.0,13.0,0.0,0.0,7.0,4.0,7.0,34.0,22.9,20.57,9690.41,0.16,96.0,0.05,538.36,471.06,36.0,60.0,14.0,16.0,43.0,0
10.0,21.0,0.0,0.0,11.0,10.0,1.0,30.0,88.65,14.56,18789.41,0.43,235.0,0.07,1043.85,1290.59,90.0,145.0,34.0,11.0,43.0,1
2.0,1.0,0.0,4.0,1.0,1.0,1.0,4.0,31.29,2.75,236.61,0.03,24.0,0.36,13.14,86.04,11.0,13.0,8.0,4.0,12.0,0
7.0,9.0,0.0,10.0,5.0,4.0,1.0,28.0,26.05,15.5,6259.18,0.13,84.0,0.06,347.73,403.82,31.0,53.0,14.0,14.0,47.0,1
0.0,1.0,0.0,0.0,1.0,1.0,1.0,3.0,12.63,2.0,50.53,0.01,9.0,0.5,2.81,25.27,3.0,6.0,3.0,4.0,5.0,0
5.0,5.0,0.0,0.0,3.0,2.0,1.0,13.0,42.69,7.82,2607.88,0.11,68.0,0.13,144.88,333.67,27.0,41.0,19.0,11.0,20.0,1
6.0,17.0,3.0,8.0,9.0,3.0,6.0,54.0,24.83,34.74,29962.81,0.29,161.0,0.03,1664.6,862.57,60.0,101.0,19.0,22.0,75.0,0
1.0,11.0,0.0,35.0,10.0,10.0,1.0,96.0,49.81,69.04,237396.79,1.15,472.0,0.01,13188.71,3438.71,153.0,319.0,82.0,74.0,135.0,1
5.0,1.0,0.0,7.0,1.0,1.0,1.0,16.0,26.35,15.0,5929.63,0.13,90.0,0.07,329.42,395.31,40.0,50.0,12.0,9.0,30.0,0
9.0,21.0,2.0,15.0,11.0,7.0,3.0,35.0,28.31,23.33,15415.76,0.22,125.0,0.04,856.43,660.68,40.0,85.0,18.0,21.0,63.0,1
1.0,1.0,0.0,0.0,1.0,1.0,1.0,3.0,16.73,3.0,150.57,0.02,14.0,0.33,8.36,50.19,6.0,8.0,6.0,6.0,6.0,0
3.0,43.0,11.0,0.0,22.0,22.0,19.0,51.0,61.19,29.32,52596.82,0.6,299.0,0.03,2922.05,1794.0,129.0,170.0,44.0,20.0,67.0,1
0.0,13.0,0.0,0.0,11.0,2.0,1.0,38.0,33.35,14.32,6837.09,0.16,88.0,0.07,379.84,477.51,30.0,58.0,22.0,21.0,40.0,0
4.0,3.0,0.0,5.0,2.0,2.0,1.0,12.0,27.06,6.82,1257.8,0.06,42.0,0.15,69.88,184.48,15.0,27.0,11.0,10.0,23.0,1
33.0,9.0,0.0,2.0,5.0,1.0,1.0,21.0,13.8,13.33,2453.33,0.06,46.0,0.08,136.3,184.0,16.0,30.0,6.0,10.0,58.0,0
3.0,3.0,0.0,0.0,2.0,2.0,1.0,16.0,15.32,18.86,5447.06,0.1,68.0,0.05,302.61,288.86,22.0,46.0,7.0,12.0,22.0,1
1.0,21.0,0.0,0.0,11.0,4.0,9.0,17.0,15.08,15.44,3593.74,0.08,53.0,0.06,199.65,232.79,19.0,34.0,8.0,13.0,20.0,0
15.0,96.0,3.0,22.0,51.0,31.0,40.0,179.0,73.82,83.5,514681.05,2.05,875.0,0.01,28593.39,6163.84,334.0,541.0,88.0,44.0,222.0,1
5.0,3.0,0.0,4.0,2.0,1.0,1.0,13.0,16.1,15.0,3622.21,0.08,52.0,0.07,201.23,241.48,20.0,32.0,10.0,15.0,24.0,0
29.0,53.0,9.0,36.0,27.0,1.0,21.0,31.0,20.87,55.96,65373.56,0.39,243.0,0.02,3631.86,1168.19,97.0,146.0,13.0,15.0,107.0,1
1.0,3.0,0.0,0.0,2.0,2.0,1.0,9.0,17.28,5.79,578.57,0.03,25.0,0.17,32.14,100.0,9.0,16.0,7.0,9.0,12.0,0
3.0,21.0,4.0,6.0,11.0,4.0,10.0,35.0,28.04,26.48,19659.65,0.25,136.0,0.04,1092.2,742.48,58.0,78.0,23.0,21.0,54.0,1
1.0,3.0,0.0,0.0,2.0,2.0,1.0,8.0,22.07,3.86,328.28,0.03,23.0,0.26,18.24,85.11,9.0,14.0,7.0,6.0,11.0,0
7.0,3.0,0.0,12.0,2.0,2.0,1.0,20.0,37.55,9.12,3121.44,0.11,72.0,0.11,173.41,342.35,31.0,41.0,17.0,10.0,41.0,1
5.0,27.0,4.0,3.0,14.0,4.0,6.0,34.0,18.66,35.71,23802.06,0.22,131.0,0.03,1322.34,666.46,50.0,81.0,14.0,20.0,49.0,0
4.0,5.0,0.0,0.0,3.0,3.0,1.0,14.0,23.15,6.72,1045.91,0.05,36.0,0.15,58.11,155.59,11.0,25.0,9.0,11.0,20.0,1
33.0,19.0,0.0,61.0,10.0,4.0,6.0,75.0,30.04,65.45,128709.04,0.66,356.0,0.02,7150.5,1966.39,120.0,236.0,22.0,24.0,171.0,0
1.0,9.0,0.0,0.0,5.0,2.0,4.0,9.0,17.84,6.67,792.95,0.04,28.0,0.15,44.05,118.94,12.0,16.0,9.0,10.0,12.0,1
0.0,1.0,0.0,0.0,1.0,1.0,1.0,9.0,28.03,7.0,1373.39,0.07,48.0,0.14,76.3,196.2,20.0,28.0,10.0,7.0,11.0,0
1.0,21.0,0.0,0.0,11.0,2.0,1.0,19.0,37.6,18.24,12508.38,0.23,128.0,0.05,694.91,685.77,57.0,71.0,25.0,16.0,20.0,1
0.0,1.0,0.0,0.0,1.0,1.0,1.0,0.0,7.86,2.5,49.13,0.01,7.0,0.4,2.73,19.65,2.0,5.0,2.0,5.0,1.0,0
5.0,5.0,1.0,0.0,3.0,3.0,1.0,20.0,37.89,9.24,3232.89,0.12,70.0,0.11,179.61,350.0,27.0,43.0,19.0,13.0,28.0,1
5.0,7.0,0.0,3.0,4.0,4.0,4.0,14.0,28.57,14.0,5600.0,0.13,80.0,0.07,311.11,400.0,36.0,44.0,18.0,14.0,24.0,0
2.0,5.0,0.0,0.0,3.0,2.0,1.0,13.0,20.49,9.27,1761.72,0.06,42.0,0.11,97.87,189.99,17.0,25.0,11.0,12.0,17.0,1
3.0,7.0,0.0,0.0,4.0,2.0,4.0,17.0,15.32,19.55,5856.36,0.1,63.0,0.05,325.35,299.56,23.0,40.0,10.0,17.0,22.0,0
5.0,109.0,38.0,0.0,55.0,33.0,36.0,180.0,96.91,54.38,286532.85,1.76,767.0,0.02,15918.49,5269.57,330.0,437.0,88.0,29.0,225.0,1
0.0,1.0,0.0,0.0,1.0,1.0,1.0,0.0,0.0,0.0,0.0,0.0,0.0,0.0,0.0,0.0,0.0,0.0,0.0,0.0,95.0,0
1.0,3.0,0.0,0.0,2.0,1.0,1.0,7.0,17.36,4.5,351.62,0.03,20.0,0.22,19.53,78.14,6.0,14.0,6.0,9.0,10.0,1
11.0,13.0,0.0,6.0,7.0,5.0,1.0,44.0,50.34,16.0,12886.65,0.27,145.0,0.06,715.92,805.42,62.0,83.0,31.0,16.0,63.0,0
5.0,99.0,13.0,4.0,50.0,34.0,4.0,122.0,111.2,51.27,292267.81,1.9,876.0,0.02,16237.1,5700.83,364.0,512.0,71.0,20.0,146.0,1
10.0,19.0,1.0,4.0,10.0,9.0,3.0,49.0,53.72,26.7,38298.92,0.48,247.0,0.04,2127.72,1434.42,89.0,158.0,35.0,21.0,66.0,0
9.0,11.0,1.0,7.0,6.0,6.0,1.0,47.0,45.95,20.79,19865.51,0.32,172.0,0.05,1103.64,955.39,67.0,105.0,29.0,18.0,66.0,1
2.0,11.0,0.0,0.0,6.0,3.0,1.0,33.0,30.04,9.5,2711.33,0.1,64.0,0.11,150.63,285.4,19.0,45.0,11.0,11.0,37.0,0
4.0,5.0,0.0,0.0,3.0,3.0,1.0,11.0,25.48,9.23,2171.31,0.08,52.0,0.11,120.63,235.23,24.0,28.0,13.0,10.0,19.0,1
5.0,7.0,0.0,0.0,4.0,3.0,4.0,24.0,38.85,11.56,5194.56,0.15,85.0,0.09,288.59,449.26,37.0,48.0,24.0,15.0,31.0,0
6.0,7.0,4.0,1.0,5.0,4.0,1.0,31.0,45.69,18.28,15270.16,0.28,148.0,0.05,848.34,835.29,65.0,83.0,32.0,18.0,45.0,1
5.0,1.0,1.0,0.0,1.0,1.0,1.0,10.0,34.61,9.82,3336.55,0.11,80.0,0.1,185.36,339.83,27.0,53.0,11.0,8.0,19.0,0
3.0,11.0,0.0,0.0,6.0,4.0,4.0,21.0,32.28,13.75,6103.72,0.15,88.0,0.07,339.1,443.91,33.0,55.0,18.0,15.0,26.0,1
2.0,10.0,2.0,1.0,6.0,1.0,1.0,26.0,18.85,21.82,8971.6,0.14,83.0,0.05,498.42,411.2,24.0,59.0,11.0,20.0,33.0,0
2.0,3.0,0.0,0.0,2.0,2.0,1.0,8.0,13.89,6.75,632.92,0.03,24.0,0.15,35.16,93.77,9.0,15.0,6.0,9.0,12.0,1
13.0,11.0,0.0,1.0,10.0,2.0,1.0,58.0,42.44,13.68,7942.75,0.19,107.0,0.07,441.26,580.61,38.0,69.0,25.0,18.0,74.0,0
2.0,5.0,0.0,0.0,3.0,2.0,1.0,13.0,15.08,15.44,3593.74,0.08,53.0,0.06,199.65,232.79,19.0,34.0,8.0,13.0,17.0,1
3.0,5.0,0.0,0.0,3.0,2.0,1.0,15.0,18.73,9.0,1517.0,0.06,39.0,0.11,84.28,168.56,12.0,27.0,8.0,12.0,21.0,0
4.0,18.0,1.0,3.0,13.0,13.0,4.0,67.0,73.75,33.44,82494.47,0.82,396.0,0.03,4583.03,2466.61,172.0,224.0,54.0,21.0,78.0,1
2.0,3.0,0.0,0.0,2.0,1.0,1.0,6.0,11.53,4.8,265.68,0.02,16.0,0.21,14.76,55.35,8.0,8.0,5.0,6.0,10.0,0
20.0,5.0,1.0,40.0,3.0,3.0,1.0,80.0,127.51,21.99,61634.6,0.93,434.0,0.05,3424.14,2803.39,171.0,263.0,70.0,18.0,152.0,1
1.0,5.0,0.0,0.0,3.0,3.0,1.0,13.0,30.8,8.08,2009.51,0.08,55.0,0.12,111.64,248.8,21.0,34.0,13.0,10.0,17.0,0
4.0,7.0,0.0,3.0,4.0,4.0,4.0,32.0,50.51,24.19,29548.21,0.41,200.0,0.04,1641.57,1221.7,80.0,120.0,43.0,26.0,41.0,1
1.0,1.0,0.0,0.0,1.0,1.0,1.0,3.0,9.69,4.0,155.1,0.01,15.0,0.25,8.62,38.77,4.0,11.0,2.0,4.0,6.0,0
14.0,9.0,0.0,1.0,5.0,5.0,1.0,151.0,144.81,38.29,212301.39,1.85,852.0,0.03,11794.52,5544.64,388.0,464.0,76.0,15.0,168.0,1
2.0,3.0,0.0,0.0,2.0,2.0,1.0,13.0,16.55,24.05,9573.67,0.13,88.0,0.04,531.87,398.07,37.0,51.0,10.0,13.0,19.0,0
0.0,1.0,0.0,0.0,1.0,1.0,1.0,0.0,0.0,0.0,0.0,0.0,0.0,0.0,0.0,0.0,0.0,0.0,0.0,0.0,8.0,1
2.0,5.0,0.0,0.0,3.0,3.0,1.0,17.0,43.62,9.0,3532.96,0.13,80.0,0.11,196.28,392.55,36.0,44.0,20.0,10.0,21.0,0
12.0,3.0,0.0,0.0,2.0,1.0,1.0,64.0,119.03,16.07,30721.35,0.64,307.0,0.06,1706.74,1912.25,140.0,167.0,61.0,14.0,78.0,1
42.0,1.0,0.0,25.0,1.0,1.0,1.0,144.0,194.78,43.64,370994.3,2.83,1288.0,0.02,20610.79,8500.69,564.0,724.0,84.0,13.0,213.0,0
4.0,13.0,0.0,0.0,7.0,4.0,5.0,29.0,37.95,14.0,7439.1,0.18,102.0,0.07,413.28,531.36,46.0,56.0,23.0,14.0,33.0,1
0.0,7.0,0.0,5.0,4.0,3.0,1.0,10.0,28.32,6.75,1290.31,0.06,45.0,0.15,71.68,191.16,15.0,30.0,10.0,9.0,17.0,0
4.0,3.0,0.0,5.0,2.0,2.0,1.0,8.0,17.23,6.5,728.0,0.04,28.0,0.15,40.44,112.0,13.0,15.0,8.0,8.0,19.0,1
2.0,11.0,1.0,0.0,6.0,3.0,5.0,10.0,33.92,30.44,31429.12,0.34,194.0,0.03,1746.06,1032.45,45.0,149.0,17.0,23.0,15.0,0
9.0,13.0,0.0,0.0,7.0,7.0,7.0,51.0,54.56,25.24,34761.37,0.46,244.0,0.04,1931.19,1377.1,98.0,146.0,33.0,17.0,62.0,1
4.0,3.0,0.0,0.0,2.0,2.0,1.0,19.0,43.32,7.25,2276.8,0.1,64.0,0.14,126.49,314.04,29.0,35.0,20.0,10.0,25.0,0
16.0,19.0,0.0,9.0,10.0,5.0,6.0,78.0,71.13,32.38,74556.83,0.77,377.0,0.03,4142.05,2302.91,148.0,229.0,48.0,21.0,107.0,1
19.0,25.0,1.0,10.0,13.0,5.0,8.0,90.0,104.15,25.94,70068.25,0.9,404.0,0.04,3892.68,2701.35,191.0,213.0,81.0,22.0,120.0,0
15.0,33.0,0.0,0.0,17.0,14.0,13.0,54.0,47.68,22.78,24736.11,0.36,187.0,0.04,1374.23,1085.98,82.0,105.0,36.0,20.0,71.0,1
9.0,17.0,0.0,15.0,9.0,5.0,4.0,41.0,28.11,18.67,9793.69,0.17,108.0,0.05,544.09,524.66,40.0,68.0,15.0,14.0,67.0,0
5.0,5.0,1.0,0.0,3.0,1.0,1.0,14.0,19.11,12.55,3007.76,0.08,53.0,0.08,167.1,239.75,23.0,30.0,11.0,12.0,22.0,1
10.0,13.0,0.0,3.0,7.0,4.0,1.0,37.0,40.82,22.33,20360.13,0.3,166.0,0.04,1131.12,911.65,67.0,99.0,27.0,18.0,53.0,0
3.0,3.0,0.0,6.0,2.0,2.0,1.0,10.0,28.1,9.75,2671.69,0.09,57.0,0.1,148.43,274.02,26.0,31.0,16.0,12.0,22.0,1
1.0,3.0,0.0,0.0,2.0,2.0,1.0,15.0,15.45,17.87,4935.56,0.09,65.0,0.06,274.2,276.12,26.0,39.0,8.0,11.0,18.0,0
12.0,31.0,0.0,2.0,17.0,17.0,11.0,98.0,65.42,39.25,100779.84,0.86,405.0,0.03,5598.88,2567.64,157.0,248.0,54.0,27.0,115.0,1
6.0,29.0,8.0,1.0,15.0,15.0,14.0,53.0,57.74,24.12,33593.77,0.46,242.0,0.04,1866.32,1392.68,105.0,137.0,37.0,17.0,70.0,0
4.0,1.0,0.0,0.0,1.0,1.0,1.0,6.0,17.58,6.0,632.92,0.04,27.0,0.17,35.16,105.49,8.0,19.0,6.0,9.0,12.0,1
27.0,1.0,0.0,16.0,1.0,1.0,1.0,73.0,139.24,25.56,90968.02,1.19,605.0,0.04,5053.78,3559.0,284.0,321.0,50.0,9.0,119.0,0
3.0,1.0,0.0,6.0,1.0,1.0,1.0,6.0,49.6,2.5,310.0,0.04,31.0,0.4,17.22,124.0,15.0,16.0,12.0,4.0,17.0,1
0.0,1.0,0.0,0.0,1.0,1.0,1.0,3.0,14.95,4.0,239.18,0.02,18.0,0.25,13.29,59.79,8.0,10.0,5.0,5.0,5.0,0
3.0,3.0,0.0,0.0,2.0,1.0,1.0,14.0,15.56,15.43,3702.86,0.08,60.0,0.06,205.71,240.0,24.0,36.0,7.0,9.0,19.0,1
4.0,1.0,0.0,0.0,1.0,1.0,1.0,12.0,27.93,9.23,2380.09,0.09,57.0,0.11,132.23,257.83,24.0,33.0,13.0,10.0,19.0,0
5.0,67.0,2.0,19.0,34.0,11.0,15.0,74.0,87.92,28.76,72743.9,0.84,414.0,0.03,4041.33,2528.93,163.0,251.0,51.0,18.0,102.0,1
12.0,11.0,0.0,4.0,6.0,3.0,3.0,26.0,22.05,27.65,16851.05,0.2,117.0,0.04,936.17,609.51,47.0,70.0,17.0,20.0,48.0,0
13.0,33.0,0.0,5.0,17.0,7.0,15.0,48.0,23.76,39.53,37133.1,0.31,179.0,0.03,2062.94,939.38,64.0,115.0,17.0,21.0,68.0,1
3.0,1.0,0.0,1.0,1.0,1.0,1.0,8.0,27.59,5.78,921.04,0.05,39.0,0.17,51.17,159.41,13.0,26.0,9.0,8.0,14.0,0
2.0,7.0,0.0,2.0,4.0,4.0,1.0,15.0,21.83,8.25,1485.7,0.06,41.0,0.12,82.54,180.09,15.0,26.0,10.0,11.0,21.0,1
11.0,19.0,0.0,10.0,10.0,7.0,4.0,45.0,67.88,17.64,21110.89,0.4,210.0,0.06,1172.83,1197.09,87.0,123.0,37.0,15.0,69.0,0
6.0,5.0,0.0,0.0,3.0,3.0,1.0,23.0,50.5,8.94,4034.18,0.15,88.0,0.11,224.12,451.38,39.0,49.0,24.0,11.0,31.0,1
3.0,7.0,0.0,0.0,4.0,1.0,4.0,16.0,8.29,16.5,2256.23,0.05,35.0,0.06,125.35,136.74,12.0,23.0,4.0,11.0,22.0,0
9.0,31.0,0.0,6.0,16.0,10.0,9.0,96.0,50.48,41.28,86030.5,0.69,350.0,0.02,4779.47,2083.96,140.0,210.0,39.0,23.0,113.0,1
0.0,3.0,0.0,0.0,2.0,2.0,1.0,11.0,31.53,3.5,386.27,0.04,27.0,0.29,21.46,110.36,10.0,17.0,10.0,7.0,13.0,0
79.0,33.0,1.0,24.0,17.0,7.0,15.0,81.0,30.36,50.14,76327.25,0.51,288.0,0.02,4240.4,1522.2,117.0,171.0,21.0,18.0,187.0,1
9.0,29.0,2.0,10.0,15.0,5.0,8.0,90.0,39.59,65.91,171998.36,0.87,440.0,0.02,9555.46,2609.52,166.0,274.0,34.0,27.0,114.0,0
9.0,23.0,0.0,1.0,12.0,11.0,6.0,55.0,50.35,30.56,47008.2,0.51,251.0,0.03,2611.57,1538.45,110.0,141.0,45.0,25.0,67.0,1
1.0,5.0,0.0,0.0,3.0,1.0,3.0,12.0,20.9,9.6,1926.47,0.07,45.0,0.1,107.03,200.67,16.0,29.0,10.0,12.0,17.0,0
4.0,23.0,6.0,3.0,12.0,12.0,1.0,48.0,66.02,19.62,25402.71,0.43,223.0,0.05,1411.26,1295.04,90.0,133.0,39.0,17.0,63.0,1
5.0,15.0,0.0,5.0,8.0,2.0,1.0,34.0,35.3,16.37,9472.27,0.19,111.0,0.06,526.24,578.25,43.0,68.0,21.0,16.0,46.0,0
3.0,13.0,2.0,8.0,7.0,3.0,5.0,16.0,17.04,17.27,5085.32,0.1,60.0,0.06,282.52,294.41,20.0,40.0,11.0,19.0,31.0,1
10.0,7.0,0.0,1.0,4.0,2.0,1.0,29.0,19.68,26.4,13716.72,0.17,103.0,0.04,762.04,519.57,44.0,59.0,15.0,18.0,42.0,0
5.0,9.0,0.0,6.0,5.0,4.0,1.0,15.0,23.19,9.09,1916.65,0.07,48.0,0.11,106.48,210.83,20.0,28.0,11.0,10.0,28.0,1
3.0,5.0,0.0,0.0,3.0,2.0,3.0,18.0,17.52,16.36,4690.16,0.1,59.0,0.06,260.56,286.62,20.0,39.0,11.0,18.0,23.0,0
6.0,7.0,0.0,0.0,4.0,3.0,1.0,24.0,40.7,13.56,7481.51,0.18,103.0,0.07,415.64,551.83,47.0,56.0,26.0,15.0,32.0,1
15.0,17.0,0.0,0.0,9.0,6.0,1.0,71.0,65.34,24.31,38633.74,0.53,269.0,0.04,2146.32,1588.95,123.0,146.0,43.0,17.0,88.0,0
2.0,47.0,0.0,0.0,24.0,2.0,18.0,77.0,25.46,49.24,61718.34,0.42,231.0,0.02,3428.8,1253.47,94.0,137.0,21.0,22.0,81.0,1
17.0,14.0,0.0,0.0,13.0,2.0,1.0,72.0,38.4,22.31,19115.77,0.29,156.0,0.04,1061.99,856.73,51.0,105.0,24.0,21.0,92.0,0
80.0,37.0,0.0,0.0,19.0,19.0,1.0,242.0,354.41,35.06,435698.56,4.14,1743.0,0.03,24205.48,12426.34,748.0,995.0,128.0,12.0,324.0,1
8.0,11.0,0.0,8.0,6.0,6.0,1.0,43.0,21.6,47.68,49103.78,0.34,212.0,0.02,2727.99,1029.89,89.0,123.0,14.0,15.0,64.0,0
9.0,19.0,7.0,4.0,10.0,6.0,6.0,30.0,37.52,17.5,11490.16,0.22,127.0,0.06,638.34,656.58,55.0,72.0,22.0,14.0,53.0,1
4.0,9.0,3.0,2.0,5.0,5.0,1.0,19.0,31.39,18.86,11162.77,0.2,112.0,0.05,620.15,591.97,44.0,68.0,21.0,18.0,30.0,0
8.0,3.0,0.0,23.0,2.0,2.0,1.0,43.0,83.73,16.09,21679.38,0.45,232.0,0.06,1204.41,1347.31,118.0,114.0,44.0,12.0,76.0,1
3.0,13.0,0.0,2.0,7.0,3.0,7.0,24.0,22.22,16.62,6134.51,0.12,76.0,0.06,340.81,369.21,27.0,49.0,13.0,16.0,31.0,0
3.0,5.0,0.0,0.0,3.0,2.0,1.0,11.0,17.48,7.78,1057.26,0.05,32.0,0.13,58.74,135.93,14.0,18.0,9.0,10.0,16.0,1
1.0,7.0,0.0,0.0,4.0,3.0,3.0,13.0,18.4,5.0,460.0,0.03,23.0,0.2,25.56,92.0,6.0,17.0,6.0,10.0,16.0,0
2.0,9.0,0.0,1.0,5.0,3.0,5.0,24.0,26.11,20.0,10443.25,0.17,101.0,0.05,580.18,522.15,40.0,61.0,18.0,18.0,29.0,1
2.0,5.0,0.0,0.0,3.0,2.0,3.0,10.0,12.02,11.14,1492.92,0.04,31.0,0.09,82.94,133.98,12.0,19.0,7.0,13.0,14.0,0
6.0,3.0,0.0,4.0,2.0,2.0,1.0,19.0,44.38,9.0,3594.69,0.13,84.0,0.11,199.71,399.41,36.0,48.0,18.0,9.0,31.0,1
7.0,7.0,1.0,4.0,4.0,3.0,1.0,21.0,40.44,17.37,12202.02,0.23,132.0,0.06,677.89,702.49,47.0,85.0,23.0,17.0,35.0,0
17.0,15.0,0.0,6.0,8.0,7.0,1.0,55.0,99.54,13.25,17475.41,0.44,219.0,0.08,970.86,1318.9,106.0,113.0,52.0,13.0,80.0,1
2.0,1.0,0.0,0.0,1.0,1.0,1.0,6.0,11.07,8.75,847.56,0.03,28.0,0.11,47.09,96.86,10.0,18.0,4.0,7.0,10.0,0
3.0,3.0,1.0,1.0,2.0,2.0,1.0,7.0,11.99,6.67,533.03,0.03,21.0,0.15,29.61,79.95,10.0,11.0,6.0,8.0,14.0,1
2.0,11.0,0.0,1.0,6.0,5.0,3.0,21.0,16.27,28.05,12803.96,0.15,96.0,0.04,711.33,456.47,33.0,63.0,10.0,17.0,26.0,0
4.0,9.0,1.0,0.0,5.0,4.0,1.0,13.0,17.28,16.0,4423.76,0.09,62.0,0.06,245.76,276.48,32.0,30.0,11.0,11.0,22.0,1
4.0,13.0,1.0,1.0,7.0,4.0,5.0,30.0,47.22,14.97,10581.4,0.24,124.0,0.07,587.86,706.85,52.0,72.0,33.0,19.0,36.0,0
14.0,7.0,0.0,1.0,4.0,4.0,1.0,28.0,33.26,11.92,4723.0,0.13,80.0,0.08,262.39,396.34,33.0,47.0,18.0,13.0,46.0,1
6.0,13.0,0.0,3.0,7.0,3.0,7.0,24.0,35.82,12.68,5754.39,0.15,90.0,0.08,319.69,454.0,39.0,51.0,20.0,13.0,35.0,0
2.0,1.0,0.0,1.0,1.0,1.0,1.0,5.0,28.44,4.5,576.0,0.04,32.0,0.22,32.0,128.0,15.0,17.0,10.0,6.0,10.0,1
4.0,5.0,0.0,0.0,3.0,3.0,1.0,9.0,23.28,10.05,2348.96,0.08,51.0,0.1,130.5,233.83,17.0,34.0,11.0,13.0,15.0,0
5.0,5.0,0.0,6.0,3.0,3.0,1.0,27.0,45.88,11.75,6334.55,0.18,102.0,0.09,351.92,539.11,47.0,55.0,26.0,13.0,38.0,1
1.0,7.0,1.0,0.0,4.0,2.0,1.0,35.0,39.05,24.94,24282.8,0.32,170.0,0.04,1349.04,973.75,76.0,94.0,32.0,21.0,37.0,0
3.0,1.0,1.0,0.0,1.0,1.0,1.0,12.0,33.37,11.65,4526.5,0.13,80.0,0.09,251.47,388.64,33.0,47.0,17.0,12.0,19.0,1
0.0,1.0,0.0,0.0,1.0,1.0,1.0,5.0,17.43,2.0,69.74,0.01,11.0,0.5,3.87,34.87,5.0,6.0,5.0,4.0,5.0,0
2.0,15.0,0.0,0.0,14.0,14.0,1.0,79.0,43.92,50.45,111794.23,0.74,364.0,0.02,6210.79,2215.84,163.0,201.0,42.0,26.0,88.0,1
1.0,5.0,0.0,0.0,3.0,3.0,1.0,12.0,9.76,11.7,1336.38,0.04,30.0,0.09,74.24,114.22,13.0,17.0,5.0,9.0,15.0,0
3.0,11.0,0.0,0.0,6.0,2.0,3.0,17.0,16.66,25.36,10719.8,0.14,87.0,0.04,595.54,422.64,31.0,56.0,11.0,18.0,22.0,1
7.0,7.0,1.0,7.0,6.0,6.0,1.0,42.0,36.28,18.67,12641.61,0.23,130.0,0.05,702.31,677.23,49.0,81.0,21.0,16.0,60.0,0
1.0,7.0,0.0,0.0,4.0,3.0,4.0,10.0,12.83,9.43,1140.18,0.04,29.0,0.11,63.34,120.93,12.0,17.0,7.0,11.0,13.0,1
5.0,7.0,0.0,2.0,4.0,3.0,4.0,27.0,31.37,13.76,5943.69,0.14,88.0,0.07,330.2,431.81,36.0,52.0,17.0,13.0,36.0,0
3.0,11.0,0.0,0.0,6.0,3.0,3.0,22.0,18.13,20.77,7820.01,0.13,76.0,0.05,434.44,376.52,30.0,46.0,13.0,18.0,28.0,1
7.0,15.0,0.0,1.0,8.0,6.0,6.0,40.0,29.39,25.6,19261.03,0.25,137.0,0.04,1070.06,752.38,64.0,73.0,25.0,20.0,51.0,0
14.0,9.0,0.0,0.0,5.0,4.0,1.0,55.0,77.97,21.55,36210.9,0.56,279.0,0.05,2011.72,1680.24,132.0,147.0,49.0,16.0,71.0,1
0.0,1.0,0.0,4.0,1.0,1.0,1.0,1.0,0.0,0.0,0.0,0.0,1.0,0.0,0.0,0.0,0.0,1.0,0.0,1.0,7.0,0
12.0,22.0,0.0,1.0,13.0,9.0,9.0,88.0,39.57,56.88,127998.63,0.75,381.0,0.02,7111.03,2250.53,130.0,251.0,32.0,28.0,104.0,1
1.0,7.0,0.0,0.0,4.0,1.0,4.0,19.0,15.85,10.0,1584.57,0.05,38.0,0.1,88.03,158.46,16.0,22.0,8.0,10.0,20.0,0
9.0,3.0,6.0,1.0,2.0,2.0,1.0,25.0,75.51,9.73,7142.89,0.24,138.0,0.1,396.83,734.43,67.0,71.0,31.0,9.0,43.0,1
5.0,40.0,0.0,5.0,39.0,2.0,1.0,85.0,63.25,23.83,35923.67,0.5,215.0,0.04,1995.76,1507.41,86.0,129.0,83.0,46.0,97.0,0
6.0,21.0,0.0,5.0,11.0,8.0,6.0,82.0,48.69,51.0,126648.13,0.83,440.0,0.02,7036.01,2483.3,153.0,287.0,30.0,20.0,96.0,1
0.0,1.0,0.0,0.0,1.0,1.0,1.0,3.0,35.94,2.5,224.65,0.03,23.0,0.4,12.48,89.86,10.0,13.0,10.0,5.0,6.0,0
1.0,5.0,0.0,0.0,3.0,1.0,3.0,9.0,12.23,15.0,2750.98,0.06,40.0,0.07,152.83,183.4,15.0,25.0,8.0,16.0,12.0,1
0.0,13.0,0.0,0.0,7.0,5.0,7.0,15.0,20.82,11.0,2519.68,0.08,53.0,0.09,139.98,229.06,18.0,35.0,9.0,11.0,17.0,0
2.0,3.0,0.0,1.0,2.0,2.0,1.0,7.0,26.86,3.5,329.04,0.03,23.0,0.29,18.28,94.01,10.0,13.0,10.0,7.0,12.0,1
13.0,1.0,0.0,8.0,1.0,1.0,1.0,42.0,121.56,8.9,9629.08,0.36,188.0,0.11,534.95,1081.92,89.0,99.0,45.0,9.0,65.0,0
6.0,7.0,0.0,0.0,4.0,4.0,1.0,20.0,20.01,27.95,15636.44,0.19,119.0,0.04,868.69,559.35,41.0,78.0,11.0,15.0,28.0,1
3.0,1.0,0.0,3.0,1.0,1.0,1.0,8.0,43.78,2.0,175.14,0.03,23.0,0.5,9.73,87.57,10.0,13.0,10.0,4.0,14.0,0
6.0,5.0,0.0,8.0,3.0,3.0,1.0,25.0,36.64,19.72,14249.09,0.24,134.0,0.05,791.62,722.57,58.0,76.0,25.0,17.0,39.0,1
6.0,21.0,0.0,0.0,11.0,9.0,10.0,38.0,32.25,23.75,18195.59,0.26,143.0,0.04,1010.87,766.13,55.0,88.0,22.0,19.0,46.0,0
11.0,7.0,0.0,15.0,4.0,2.0,1.0,41.0,45.27,11.05,5530.43,0.17,103.0,0.09,307.25,500.37,42.0,61.0,19.0,10.0,69.0,1
24.0,22.0,10.0,42.0,12.0,11.0,9.0,90.0,58.17,44.44,114869.15,0.86,415.0,0.02,6381.62,2584.96,158.0,257.0,48.0,27.0,168.0,0
5.0,17.0,0.0,4.0,9.0,5.0,9.0,36.0,37.8,28.97,31713.43,0.36,195.0,0.03,1761.86,1094.87,84.0,111.0,29.0,20.0,45.0,1
0.0,3.0,0.0,0.0,2.0,1.0,1.0,2.0,6.64,5.25,183.06,0.01,11.0,0.19,10.17,34.87,3.0,8.0,2.0,7.0,4.0,0
1.0,1.0,0.0,0.0,1.0,1.0,1.0,2.0,7.74,1.5,17.41,0.0,5.0,0.67,0.97,11.61,2.0,3.0,2.0,3.0,5.0,1
0.0,3.0,0.0,0.0,2.0,2.0,1.0,11.0,29.96,6.43,1237.94,0.06,42.0,0.16,68.77,192.57,18.0,24.0,14.0,10.0,13.0,0
7.0,13.0,0.0,10.0,7.0,4.0,6.0,32.0,45.45,17.42,13788.32,0.26,141.0,0.06,766.02,791.67,55.0,86.0,30.0,19.0,51.0,1
1.0,1.0,0.0,0.0,1.0,1.0,1.0,4.0,12.8,4.2,225.85,0.02,15.0,0.24,12.55,53.77,6.0,9.0,5.0,7.0,7.0,0
5.0,3.0,0.0,4.0,2.0,1.0,1.0,19.0,40.02,10.42,4346.47,0.14,85.0,0.1,241.47,417.09,36.0,49.0,19.0,11.0,31.0,1
21.0,75.0,0.0,0.0,38.0,7.0,9.0,136.0,71.84,46.47,155154.34,1.11,536.0,0.02,8619.69,3338.65,239.0,297.0,54.0,21.0,161.0,0
32.0,57.0,0.0,43.0,29.0,17.0,22.0,158.0,277.1,27.34,207113.99,2.53,1084.0,0.04,11506.33,7575.73,524.0,560.0,115.0,12.0,235.0,1
3.0,1.0,0.0,0.0,1.0,1.0,1.0,11.0,22.69,11.4,2948.58,0.09,58.0,0.09,163.81,258.64,19.0,39.0,10.0,12.0,17.0,0
0.0,1.0,0.0,1.0,1.0,1.0,1.0,2.0,7.75,2.0,31.02,0.01,6.0,0.5,1.72,15.51,2.0,4.0,2.0,4.0,7.0,1
0.0,3.0,0.0,0.0,2.0,2.0,1.0,10.0,52.25,4.6,1105.69,0.08,50.0,0.22,61.43,240.37,23.0,27.0,20.0,8.0,12.0,0
5.0,7.0,0.0,1.0,4.0,4.0,1.0,43.0,54.31,21.95,26167.57,0.4,201.0,0.05,1453.75,1192.08,90.0,111.0,41.0,20.0,49.0,1
3.0,9.0,0.0,0.0,5.0,3.0,1.0,19.0,21.93,19.2,8085.25,0.14,85.0,0.05,449.18,421.11,36.0,49.0,15.0,16.0,24.0,0
0.0,6.0,0.0,0.0,5.0,2.0,1.0,21.0,40.09,6.91,1912.37,0.09,57.0,0.14,106.24,276.9,17.0,40.0,16.0,13.0,23.0,1
65.0,45.0,0.0,96.0,23.0,6.0,14.0,120.0,21.22,143.69,438109.78,1.02,581.0,0.01,24339.43,3049.05,209.0,372.0,16.0,22.0,284.0,0
4.0,4.0,0.0,0.0,3.0,2.0,1.0,32.0,41.03,11.77,5683.8,0.16,89.0,0.08,315.77,482.94,36.0,53.0,26.0,17.0,40.0,1
1.0,7.0,1.0,0.0,4.0,1.0,4.0,16.0,9.61,15.4,2279.2,0.05,37.0,0.06,126.62,148.0,14.0,23.0,5.0,11.0,20.0,0
0.0,3.0,0.0,0.0,2.0,2.0,1.0,5.0,11.07,4.38,211.89,0.02,14.0,0.23,11.77,48.43,5.0,9.0,4.0,7.0,7.0,1
0.0,3.0,0.0,0.0,2.0,1.0,1.0,9.0,15.6,2.5,97.5,0.01,13.0,0.4,5.42,39.0,3.0,10.0,3.0,5.0,11.0,0
16.0,37.0,1.0,7.0,19.0,11.0,10.0,118.0,93.0,34.67,111762.93,1.07,516.0,0.03,6209.05,3223.93,208.0,308.0,57.0,19.0,148.0,1
21.0,1.0,1.0,9.0,1.0,1.0,1.0,77.0,75.64,39.48,117903.64,1.0,565.0,0.03,6550.2,2986.25,201.0,364.0,28.0,11.0,110.0,0
18.0,49.0,2.0,31.0,25.0,13.0,15.0,109.0,53.12,47.54,120068.6,0.84,408.0,0.02,6670.48,2525.45,162.0,246.0,46.0,27.0,162.0,1
2.0,7.0,0.0,0.0,4.0,4.0,3.0,11.0,27.14,10.56,3027.43,0.1,59.0,0.09,168.19,286.62,26.0,33.0,16.0,13.0,15.0,0
5.0,15.0,0.0,7.0,9.0,2.0,9.0,44.0,36.31,20.9,15860.19,0.25,139.0,0.05,881.12,758.86,55.0,84.0,25.0,19.0,58.0,1
1.0,1.0,0.0,0.0,1.0,1.0,1.0,5.0,10.87,8.25,739.96,0.03,27.0,0.12,41.11,89.69,11.0,16.0,4.0,6.0,8.0,0
2.0,9.0,0.0,0.0,5.0,3.0,1.0,19.0,15.36,17.42,4659.42,0.09,54.0,0.06,258.86,267.53,22.0,32.0,12.0,19.0,23.0,1
2.0,1.0,0.0,0.0,1.0,1.0,1.0,4.0,15.26,6.29,602.85,0.03,23.0,0.16,33.49,95.91,8.0,15.0,7.0,11.0,8.0,0
4.0,7.0,0.0,5.0,4.0,3.0,1.0,16.0,29.2,6.68,1302.6,0.07,42.0,0.15,72.37,195.04,17.0,25.0,14.0,11.0,27.0,1
0.0,1.0,0.0,1.0,1.0,1.0,1.0,2.0,5.33,1.5,12.0,0.0,4.0,0.67,0.67,8.0,1.0,3.0,1.0,3.0,5.0,0
17.0,17.0,0.0,13.0,9.0,9.0,1.0,94.0,52.47,39.96,83764.27,0.7,366.0,0.03,4653.57,2096.42,143.0,223.0,34.0,19.0,126.0,1
7.0,3.0,0.0,0.0,2.0,1.0,1.0,25.0,54.85,9.31,4751.82,0.17,98.0,0.11,263.99,510.53,44.0,54.0,26.0,11.0,34.0,0
5.0,3.0,0.0,0.0,2.0,1.0,1.0,18.0,18.09,27.43,13609.37,0.17,127.0,0.04,756.08,496.18,48.0,79.0,7.0,8.0,26.0,1
7.0,17.0,2.0,11.0,9.0,4.0,6.0,42.0,36.94,22.61,18880.38,0.28,158.0,0.04,1048.91,835.09,65.0,93.0,23.0,16.0,62.0,0
143.0,67.0,7.0,49.0,34.0,25.0,1.0,589.0,569.78,49.3,1385089.67,9.36,3281.0,0.02,76949.43,28092.72,1522.0,1759.0,355.0,23.0,790.0,1
30.0,45.0,0.0,0.0,23.0,15.0,18.0,113.0,23.67,100.59,239472.44,0.79,457.0,0.01,13304.02,2380.72,171.0,286.0,17.0,20.0,145.0,0
10.0,29.0,0.0,21.0,15.0,12.0,5.0,59.0,43.37,27.87,33676.68,0.4,212.0,0.04,1870.93,1208.49,76.0,136.0,30.0,22.0,92.0,1
8.0,17.0,0.0,1.0,9.0,5.0,1.0,39.0,27.07,28.0,21224.89,0.25,149.0,0.04,1179.16,758.03,63.0,86.0,18.0,16.0,50.0,0
4.0,11.0,0.0,3.0,6.0,5.0,4.0,27.0,44.34,12.04,6427.26,0.18,101.0,0.08,357.07,533.83,43.0,58.0,25.0,14.0,36.0,1
5.0,6.0,1.0,0.0,5.0,1.0,1.0,18.0,23.28,10.05,2348.96,0.08,51.0,0.1,130.5,233.83,17.0,34.0,11.0,13.0,26.0,0
10.0,11.0,2.0,2.0,6.0,3.0,1.0,37.0,31.19,30.23,28502.18,0.31,176.0,0.03,1583.45,942.93,70.0,106.0,22.0,19.0,53.0,1
18.0,25.0,0.0,7.0,13.0,10.0,1.0,119.0,25.77,112.64,326989.18,0.97,535.0,0.01,18166.07,2903.05,236.0,299.0,22.0,21.0,147.0,0
9.0,5.0,1.0,0.0,3.0,3.0,1.0,68.0,98.46,20.72,42268.8,0.68,340.0,0.05,2348.27,2040.0,148.0,192.0,50.0,14.0,80.0,1
0.0,1.0,0.0,0.0,1.0,1.0,1.0,6.0,30.91,4.36,588.59,0.04,33.0,0.23,32.7,134.89,16.0,17.0,11.0,6.0,6.0,0
1.0,5.0,0.0,0.0,3.0,3.0,1.0,15.0,22.79,9.0,1846.2,0.07,46.0,0.11,102.57,205.13,18.0,28.0,11.0,11.0,18.0,1
0.0,33.0,0.0,0.0,17.0,1.0,13.0,8.0,96.32,35.04,118274.66,1.13,630.0,0.03,6570.81,3375.26,29.0,601.0,12.0,29.0,8.0,0
0.0,9.0,0.0,0.0,5.0,1.0,1.0,9.0,10.31,16.0,2638.53,0.05,46.0,0.06,146.59,164.91,16.0,30.0,4.0,8.0,11.0,1
1.0,3.0,0.0,0.0,2.0,2.0,1.0,9.0,29.3,7.0,1435.94,0.07,46.0,0.14,79.77,205.13,14.0,32.0,11.0,11.0,13.0,0
10.0,7.0,1.0,1.0,4.0,4.0,1.0,30.0,48.65,9.78,4651.15,0.16,90.0,0.1,258.39,475.69,44.0,46.0,27.0,12.0,44.0,1
4.0,23.0,0.0,5.0,12.0,7.0,12.0,46.0,40.26,32.0,41229.63,0.43,236.0,0.03,2290.53,1288.43,112.0,124.0,28.0,16.0,56.0,0
4.0,55.0,0.0,2.0,28.0,16.0,15.0,119.0,60.66,61.55,229809.93,1.24,581.0,0.02,12767.22,3733.66,269.0,312.0,59.0,27.0,127.0,1
1.0,1.0,0.0,0.0,1.0,1.0,1.0,8.0,21.37,8.0,1367.74,0.06,41.0,0.13,75.99,170.97,16.0,25.0,9.0,9.0,12.0,0
8.0,11.0,1.0,5.0,6.0,2.0,5.0,40.0,29.31,32.2,30392.25,0.31,169.0,0.03,1688.46,943.86,70.0,99.0,25.0,23.0,56.0,1
7.0,9.0,0.0,0.0,5.0,3.0,1.0,29.0,35.85,22.41,18003.04,0.27,152.0,0.04,1000.17,803.38,58.0,94.0,22.0,17.0,38.0,0
15.0,11.0,1.0,8.0,6.0,5.0,1.0,48.0,61.74,26.88,44622.57,0.55,281.0,0.04,2479.03,1659.84,136.0,145.0,43.0,17.0,74.0,1
1.0,11.0,0.0,0.0,6.0,3.0,5.0,9.0,30.07,22.5,15224.23,0.23,133.0,0.04,845.79,676.63,40.0,93.0,16.0,18.0,12.0,0
6.0,19.0,4.0,7.0,10.0,5.0,7.0,56.0,29.97,43.24,56026.56,0.43,232.0,0.02,3112.59,1295.71,94.0,138.0,25.0,23.0,75.0,1
19.0,1.0,0.0,9.0,1.0,1.0,1.0,53.0,102.4,24.15,59731.84,0.82,424.0,0.04,3318.44,2473.15,202.0,222.0,46.0,11.0,84.0,0
1.0,3.0,0.0,0.0,2.0,2.0,1.0,12.0,17.86,15.0,4019.39,0.09,62.0,0.07,223.3,267.96,20.0,42.0,8.0,12.0,15.0,1
4.0,5.0,0.0,1.0,3.0,3.0,1.0,14.0,37.81,7.53,2141.99,0.09,58.0,0.13,119.0,284.6,26.0,32.0,19.0,11.0,21.0,0
4.0,5.0,0.0,0.0,3.0,3.0,1.0,17.0,51.28,9.0,4153.55,0.15,96.0,0.11,230.75,461.51,45.0,51.0,20.0,8.0,23.0,1
55.0,13.0,0.0,4.0,7.0,5.0,5.0,43.0,46.28,31.62,46271.52,0.49,243.0,0.03,2570.64,1463.44,89.0,154.0,38.0,27.0,104.0,0
9.0,11.0,2.0,4.0,6.0,6.0,3.0,31.0,60.09,9.81,5780.37,0.2,114.0,0.1,321.13,589.37,51.0,63.0,26.0,10.0,48.0,1
4.0,9.0,0.0,1.0,5.0,2.0,3.0,23.0,27.53,15.21,6369.62,0.14,81.0,0.07,353.87,418.76,34.0,47.0,19.0,17.0,30.0,0
14.0,9.0,0.0,5.0,5.0,4.0,1.0,37.0,70.82,10.09,7213.09,0.24,126.0,0.1,400.73,714.73,59.0,67.0,38.0,13.0,58.0,1
2.0,7.0,0.0,0.0,4.0,1.0,4.0,8.0,15.63,7.5,879.05,0.04,30.0,0.13,48.84,117.21,10.0,20.0,6.0,9.0,12.0,0
20.0,91.0,4.0,19.0,46.0,13.0,39.0,199.0,55.32,92.65,474915.53,1.71,845.0,0.01,26384.2,5125.85,332.0,513.0,43.0,24.0,246.0,1
4.0,13.0,0.0,6.0,7.0,4.0,6.0,31.0,34.93,24.55,21044.74,0.29,159.0,0.04,1169.15,857.38,54.0,105.0,22.0,20.0,43.0,0
13.0,18.0,0.0,17.0,10.0,7.0,4.0,74.0,47.06,43.0,87011.17,0.67,336.0,0.02,4833.95,2023.52,129.0,207.0,39.0,26.0,107.0,1
1.0,5.0,0.0,0.0,3.0,1.0,3.0,7.0,11.35,9.17,953.33,0.03,26.0,0.11,52.96,104.0,11.0,15.0,6.0,10.0,10.0,0
3.0,5.0,0.0,0.0,3.0,3.0,1.0,15.0,25.07,6.72,1133.07,0.06,39.0,0.15,62.95,168.56,11.0,28.0,9.0,11.0,20.0,1
5.0,3.0,0.0,1.0,2.0,2.0,1.0,19.0,49.25,12.91,8211.83,0.21,125.0,0.08,456.21,635.93,54.0,71.0,23.0,11.0,27.0,0
19.0,23.0,0.0,8.0,12.0,9.0,1.0,107.0,167.9,17.6,51980.15,0.98,430.0,0.06,2887.79,2954.26,207.0,223.0,100.0,17.0,136.0,1
4.0,5.0,0.0,2.0,3.0,3.0,1.0,18.0,23.32,11.67,3173.63,0.09,61.0,0.09,176.31,272.03,28.0,33.0,12.0,10.0,26.0,0
4.0,3.0,0.0,0.0,2.0,2.0,1.0,11.0,21.34,7.56,1220.75,0.05,38.0,0.13,67.82,161.42,11.0,27.0,8.0,11.0,17.0,1
2.0,3.0,0.0,0.0,2.0,2.0,1.0,7.0,20.12,7.11,1017.32,0.05,35.0,0.14,56.52,143.06,16.0,19.0,9.0,8.0,11.0,0
19.0,11.0,3.0,2.0,6.0,3.0,1.0,12.0,14.54,23.33,7916.23,0.11,75.0,0.04,439.79,339.27,30.0,45.0,9.0,14.0,38.0,1
9.0,11.0,0.0,1.0,6.0,4.0,4.0,61.0,42.0,35.83,53931.11,0.5,249.0,0.03,2996.17,1505.05,86.0,163.0,36.0,30.0,74.0,0
2.0,3.0,0.0,0.0,2.0,2.0,1.0,15.0,36.54,6.25,1427.5,0.08,52.0,0.16,79.31,228.4,25.0,27.0,14.0,7.0,17.0,1
5.0,1.0,0.0,0.0,1.0,1.0,1.0,19.0,67.0,10.17,6925.6,0.23,128.0,0.1,384.76,681.21,61.0,67.0,30.0,10.0,26.0,0
1.0,1.0,0.0,0.0,1.0,1.0,1.0,7.0,16.59,5.79,555.43,0.03,24.0,0.17,30.86,96.0,9.0,15.0,7.0,9.0,8.0,1
3.0,3.0,0.0,0.0,2.0,1.0,1.0,7.0,14.69,4.67,319.82,0.02,18.0,0.21,17.77,68.53,7.0,11.0,6.0,8.0,12.0,0
2.0,12.0,0.0,0.0,11.0,11.0,1.0,52.0,53.25,26.01,36030.25,0.46,230.0,0.04,2001.68,1385.14,95.0,135.0,42.0,23.0,56.0,1
11.0,43.0,4.0,32.0,22.0,1.0,7.0,67.0,30.11,80.29,194151.18,0.81,403.0,0.01,10786.18,2418.0,182.0,221.0,34.0,30.0,114.0,0
1.0,3.0,0.0,0.0,2.0,2.0,1.0,12.0,24.38,7.5,1371.28,0.06,41.0,0.13,76.18,182.84,18.0,23.0,12.0,10.0,15.0,1
0.0,5.0,0.0,0.0,3.0,1.0,3.0,6.0,12.6,6.67,560.0,0.03,21.0,0.15,31.11,84.0,8.0,13.0,6.0,10.0,8.0,0
3.0,7.0,1.0,4.0,4.0,3.0,3.0,8.0,12.57,10.08,1277.67,0.04,31.0,0.1,70.98,126.71,11.0,20.0,6.0,11.0,18.0,1
1.0,7.0,0.0,1.0,4.0,1.0,4.0,14.0,18.59,14.25,3775.85,0.09,54.0,0.07,209.77,264.97,19.0,35.0,12.0,18.0,18.0,0
3.0,9.0,0.0,0.0,5.0,3.0,1.0,20.0,26.23,12.59,4160.25,0.11,68.0,0.08,231.13,330.34,31.0,37.0,16.0,13.0,25.0,1
5.0,1.0,0.0,2.0,1.0,1.0,1.0,21.0,60.6,11.35,7801.62,0.23,133.0,0.09,433.42,687.6,59.0,74.0,26.0,10.0,30.0,0
2.0,5.0,0.0,0.0,3.0,3.0,1.0,20.0,38.96,8.36,2721.07,0.11,64.0,0.12,151.17,325.6,27.0,37.0,21.0,13.0,24.0,1
3.0,7.0,1.0,4.0,4.0,1.0,3.0,14.0,11.24,16.25,2968.24,0.06,43.0,0.06,164.9,182.66,15.0,28.0,6.0,13.0,25.0,0
2.0,107.0,0.0,0.0,54.0,20.0,54.0,82.0,70.97,28.47,57524.84,0.67,358.0,0.04,3195.82,2020.5,121.0,237.0,34.0,16.0,86.0,1
11.0,37.0,3.0,12.0,19.0,5.0,10.0,52.0,20.88,49.33,50810.01,0.34,191.0,0.02,2822.78,1029.93,74.0,117.0,18.0,24.0,82.0,0
55.0,7.0,0.0,5.0,4.0,2.0,1.0,349.0,269.18,56.51,859517.12,5.07,2080.0,0.02,47750.95,15210.8,944.0,1136.0,142.0,17.0,411.0,1
5.0,3.0,0.0,2.0,2.0,2.0,1.0,16.0,46.64,7.64,2719.48,0.12,70.0,0.13,151.08,356.12,28.0,42.0,22.0,12.0,25.0,0
2.0,5.0,0.0,0.0,3.0,3.0,1.0,22.0,28.84,9.19,2434.43,0.09,54.0,0.11,135.25,264.97,21.0,33.0,16.0,14.0,27.0,1
1.0,5.0,0.0,0.0,3.0,3.0,1.0,11.0,23.89,9.38,2100.08,0.07,51.0,0.11,116.67,224.01,25.0,26.0,12.0,9.0,14.0,0
6.0,7.0,0.0,0.0,4.0,4.0,3.0,23.0,28.15,20.5,11828.05,0.19,107.0,0.05,657.11,576.98,41.0,66.0,21.0,21.0,31.0,1
1.0,3.0,0.0,0.0,2.0,2.0,1.0,7.0,12.13,11.0,1467.81,0.04,32.0,0.09,81.55,133.44,14.0,18.0,7.0,11.0,11.0,0
17.0,11.0,0.0,6.0,6.0,4.0,1.0,64.0,77.19,23.39,42239.34,0.6,289.0,0.04,2346.63,1805.65,131.0,158.0,56.0,20.0,90.0,1
1.0,9.0,0.0,0.0,5.0,2.0,5.0,10.0,11.26,16.0,2881.36,0.06,41.0,0.06,160.08,180.09,16.0,25.0,7.0,14.0,13.0,0
6.0,3.0,0.0,6.0,2.0,2.0,1.0,21.0,37.55,14.32,7698.49,0.18,104.0,0.07,427.69,537.67,45.0,59.0,22.0,14.0,36.0,1
0.0,3.0,0.0,0.0,2.0,2.0,1.0,5.0,6.88,8.75,527.0,0.02,19.0,0.11,29.28,60.23,5.0,14.0,2.0,7.0,7.0,0
21.0,45.0,0.0,9.0,23.0,8.0,8.0,125.0,64.48,54.15,189081.51,1.16,534.0,0.02,10504.53,3491.91,239.0,295.0,64.0,29.0,155.0,1
7.0,11.0,1.0,13.0,6.0,5.0,5.0,33.0,33.82,20.58,14323.04,0.23,126.0,0.05,795.72,695.97,49.0,77.0,25.0,21.0,57.0,0
0.0,1.0,0.0,0.0,1.0,1.0,1.0,2.0,9.6,2.5,60.0,0.01,8.0,0.4,3.33,24.0,3.0,5.0,3.0,5.0,4.0,1
1.0,15.0,0.0,2.0,8.0,7.0,8.0,11.0,26.82,9.62,2479.26,0.09,57.0,0.1,137.74,257.83,25.0,32.0,13.0,10.0,16.0,0
6.0,3.0,0.0,1.0,2.0,2.0,1.0,25.0,43.67,8.76,3351.68,0.13,74.0,0.11,186.2,382.57,31.0,43.0,23.0,13.0,34.0,1
3.0,3.0,0.0,1.0,2.0,2.0,1.0,12.0,60.09,4.0,961.47,0.08,50.0,0.25,53.42,240.37,24.0,26.0,21.0,7.0,18.0,0
1.0,11.0,0.0,0.0,6.0,2.0,6.0,7.0,33.25,23.29,18041.8,0.26,151.0,0.04,1002.32,774.52,44.0,107.0,17.0,18.0,10.0,1
2.0,7.0,0.0,0.0,4.0,4.0,1.0,23.0,73.68,5.78,2459.78,0.14,83.0,0.17,136.65,425.73,39.0,44.0,27.0,8.0,25.0,0
5.0,7.0,0.0,0.0,5.0,5.0,1.0,28.0,32.36,27.83,25064.62,0.3,166.0,0.04,1392.48,900.76,64.0,102.0,23.0,20.0,35.0,1
12.0,7.0,0.0,2.0,4.0,4.0,1.0,41.0,65.37,22.93,34375.83,0.5,267.0,0.04,1909.77,1499.13,127.0,140.0,36.0,13.0,57.0,0
3.0,9.0,0.0,5.0,5.0,5.0,4.0,32.0,83.3,13.54,15279.97,0.38,191.0,0.07,848.89,1128.22,89.0,102.0,46.0,14.0,40.0,1
24.0,21.0,3.0,0.0,11.0,8.0,6.0,66.0,71.43,27.38,53556.22,0.65,317.0,0.04,2975.35,1955.87,133.0,184.0,51.0,21.0,95.0,0
2.0,1.0,0.0,0.0,1.0,1.0,1.0,4.0,17.27,2.5,107.96,0.01,13.0,0.4,6.0,43.19,5.0,8.0,5.0,5.0,8.0,1
5.0,3.0,0.0,12.0,2.0,2.0,1.0,19.0,26.68,15.86,6708.2,0.14,90.0,0.06,372.68,423.04,37.0,53.0,14.0,12.0,44.0,0
3.0,3.0,0.0,0.0,2.0,2.0,1.0,11.0,24.06,5.2,650.51,0.04,30.0,0.19,36.14,125.1,13.0,17.0,10.0,8.0,16.0,1
3.0,3.0,1.0,0.0,2.0,2.0,1.0,14.0,18.85,7.64,1099.33,0.05,31.0,0.13,61.07,143.96,12.0,19.0,11.0,14.0,20.0,0
2.0,3.0,0.0,0.0,2.0,1.0,1.0,7.0,13.01,7.07,650.57,0.03,23.0,0.14,36.14,92.0,11.0,12.0,7.0,9.0,11.0,1
0.0,1.0,0.0,1.0,1.0,1.0,1.0,2.0,0.0,0.0,0.0,0.0,3.0,0.0,0.0,4.75,0.0,3.0,0.0,3.0,5.0,0
1.0,16.0,1.0,1.0,11.0,11.0,1.0,43.0,38.48,20.38,15988.59,0.26,142.0,0.05,888.25,784.35,53.0,89.0,26.0,20.0,48.0,1
5.0,5.0,0.0,0.0,3.0,3.0,1.0,20.0,22.28,11.25,2819.56,0.08,59.0,0.09,156.64,250.63,25.0,34.0,10.0,9.0,29.0,0
14.0,33.0,0.0,13.0,17.0,8.0,13.0,81.0,61.94,33.41,69127.22,0.69,322.0,0.03,3840.4,2069.26,146.0,176.0,59.0,27.0,110.0,1
2.0,9.0,0.0,0.0,5.0,4.0,4.0,21.0,41.45,11.26,5254.23,0.16,86.0,0.09,291.9,466.66,38.0,48.0,27.0,16.0,25.0,0
27.0,135.0,1.0,42.0,68.0,25.0,20.0,271.0,82.1,95.8,753456.46,2.62,1189.0,0.01,41858.69,7864.89,479.0,710.0,70.0,28.0,343.0,1
1.0,7.0,0.0,0.0,4.0,4.0,1.0,18.0,33.35,9.18,2808.48,0.1,63.0,0.11,156.03,306.05,26.0,37.0,17.0,12.0,21.0,0
5.0,7.0,0.0,0.0,4.0,4.0,4.0,16.0,28.67,9.63,2655.9,0.09,61.0,0.1,147.55,275.94,21.0,40.0,12.0,11.0,23.0,1
10.0,11.0,0.0,8.0,6.0,4.0,1.0,29.0,33.66,14.29,6868.61,0.16,93.0,0.07,381.59,480.8,40.0,53.0,21.0,15.0,49.0,0
1.0,3.0,0.0,0.0,2.0,1.0,1.0,8.0,13.09,9.17,1100.0,0.04,30.0,0.11,61.11,120.0,11.0,19.0,6.0,10.0,11.0,1
3.0,3.0,0.0,0.0,2.0,2.0,1.0,10.0,28.3,7.62,1641.06,0.07,47.0,0.13,91.17,215.49,18.0,29.0,13.0,11.0,16.0,0
6.0,9.0,0.0,1.0,5.0,3.0,3.0,32.0,54.01,10.98,6514.48,0.2,110.0,0.09,361.92,593.15,49.0,61.0,29.0,13.0,41.0,1
3.0,17.0,0.0,0.0,9.0,7.0,1.0,22.0,22.06,30.0,19852.51,0.22,128.0,0.03,1102.92,661.75,60.0,68.0,18.0,18.0,27.0,0
3.0,12.0,3.0,0.0,11.0,1.0,1.0,36.0,39.81,12.57,6285.89,0.17,94.0,0.08,349.22,500.26,34.0,60.0,23.0,17.0,44.0,1
4.0,11.0,2.0,0.0,6.0,4.0,1.0,29.0,22.09,23.75,12459.65,0.17,104.0,0.04,692.2,524.62,35.0,69.0,14.0,19.0,37.0,0
12.0,11.0,6.0,24.0,6.0,4.0,4.0,19.0,21.2,19.41,7988.85,0.14,79.0,0.05,443.82,411.55,33.0,46.0,17.0,20.0,63.0,1
0.0,1.0,0.0,0.0,1.0,1.0,1.0,3.0,21.59,2.0,86.37,0.01,13.0,0.5,4.8,43.19,6.0,7.0,6.0,4.0,7.0,0
63.0,65.0,14.0,11.0,33.0,17.0,19.0,244.0,174.35,47.68,396298.57,2.77,1180.0,0.02,22016.59,8312.38,504.0,676.0,111.0,21.0,334.0,1
59.0,45.0,0.0,8.0,23.0,15.0,4.0,203.0,54.34,120.53,789353.69,2.18,1118.0,0.01,43852.98,6549.22,458.0,660.0,38.0,20.0,272.0,0
2.0,7.0,0.0,0.0,4.0,2.0,1.0,8.0,21.4,10.5,2358.96,0.07,49.0,0.1,131.05,224.66,21.0,28.0,12.0,12.0,12.0,1
4.0,31.0,0.0,0.0,16.0,6.0,11.0,33.0,23.82,29.22,20339.94,0.23,138.0,0.03,1130.0,696.13,55.0,83.0,16.0,17.0,40.0,0
10.0,8.0,0.0,5.0,7.0,7.0,1.0,57.0,36.6,23.85,20811.08,0.29,158.0,0.04,1156.17,872.72,62.0,96.0,26.0,20.0,74.0,1
0.0,3.0,0.0,0.0,2.0,1.0,1.0,9.0,9.11,5.83,310.05,0.02,16.0,0.17,17.22,53.15,5.0,11.0,3.0,7.0,11.0,0
6.0,5.0,1.0,0.0,3.0,3.0,1.0,19.0,38.28,10.5,4220.05,0.13,79.0,0.1,234.45,401.91,30.0,49.0,20.0,14.0,28.0,1
0.0,13.0,0.0,0.0,7.0,2.0,3.0,22.0,27.56,10.62,3105.67,0.1,63.0,0.09,172.54,292.56,23.0,40.0,13.0,12.0,24.0,0
16.0,43.0,5.0,29.0,22.0,12.0,11.0,90.0,62.99,32.18,65236.57,0.68,333.0,0.03,3624.25,2027.13,118.0,215.0,44.0,24.0,142.0,1
0.0,3.0,0.0,0.0,2.0,1.0,1.0,5.0,13.2,2.5,82.5,0.01,11.0,0.4,4.58,33.0,5.0,6.0,4.0,4.0,7.0,0
0.0,3.0,0.0,0.0,2.0,1.0,1.0,4.0,13.33,6.6,580.8,0.03,22.0,0.15,32.27,88.0,6.0,16.0,5.0,11.0,6.0,1
9.0,13.0,0.0,11.0,7.0,7.0,6.0,32.0,37.28,20.89,16271.82,0.26,141.0,0.05,903.99,778.82,65.0,76.0,28.0,18.0,54.0,0
10.0,22.0,1.0,17.0,12.0,9.0,5.0,76.0,50.35,34.94,61473.97,0.59,288.0,0.03,3415.22,1759.26,123.0,165.0,44.0,25.0,106.0,1
1.0,3.0,0.0,0.0,2.0,1.0,1.0,12.0,22.84,4.5,462.59,0.03,27.0,0.22,25.7,102.8,9.0,18.0,7.0,7.0,15.0,0
1.0,9.0,0.0,0.0,6.0,3.0,1.0,30.0,45.38,11.43,5927.38,0.17,95.0,0.09,329.3,518.65,40.0,55.0,28.0,16.0,33.0,1
2.0,5.0,0.0,0.0,3.0,1.0,3.0,10.0,10.84,10.0,1084.18,0.04,26.0,0.1,60.23,108.42,10.0,16.0,6.0,12.0,14.0,0
5.0,3.0,0.0,0.0,2.0,1.0,1.0,15.0,28.4,10.83,3333.1,0.1,64.0,0.09,185.17,307.67,25.0,39.0,15.0,13.0,20.0,1
1.0,3.0,0.0,0.0,2.0,2.0,1.0,4.0,12.44,6.43,514.28,0.03,20.0,0.16,28.57,80.0,10.0,10.0,7.0,9.0,7.0,0
6.0,15.0,0.0,0.0,8.0,3.0,7.0,19.0,18.73,18.42,6352.21,0.11,71.0,0.05,352.9,344.92,26.0,45.0,12.0,17.0,27.0,1
4.0,3.0,0.0,0.0,2.0,2.0,1.0,12.0,25.27,12.83,4162.24,0.11,69.0,0.08,231.24,324.33,22.0,47.0,12.0,14.0,18.0,0
2.0,5.0,0.0,0.0,3.0,2.0,1.0,10.0,24.01,7.8,1460.91,0.06,42.0,0.13,81.16,187.3,13.0,29.0,10.0,12.0,14.0,1
5.0,13.0,0.0,2.0,7.0,2.0,1.0,21.0,26.8,19.56,10247.28,0.17,103.0,0.05,569.29,524.01,44.0,59.0,18.0,16.0,30.0,0
1.0,13.0,0.0,0.0,7.0,5.0,5.0,28.0,27.42,22.5,13880.6,0.21,113.0,0.04,771.14,616.92,45.0,68.0,22.0,22.0,31.0,1
